	>>DRAWDOWN:
		>>> ELEMENT: DA110-P
			>>>> ANNOTATION: AH-1-DD-200.0
			>>>> FACTOR     : 1.0E5 [bar] - [Pa]
			>>>> DEVIATION  : 10 [bar]
			>>>> DATA
				85622400.0 	2.988E+01
				100656000.0 	2.878E+01
				126662400.0 	2.626E+01
				142300800.0 	2.663E+01
				157507200.0 	2.707E+01
				168393600.0 	2.615E+01
				189734400.0 	2.538E+01
				222480000.0 	2.328E+01
				237427200.0 	2.343E+01
				262828800.0 	2.115E+01
				275616000.0 	2.134E+01
				323395200.0 	1.780E+01
				332726400.0 	2.111E+01
				338860800.0 	2.082E+01
				362966400.0 	2.197E+01
				366422400.0 	2.191E+01
				379987200.0 	1.980E+01
				407030400.0 	2.030E+01
				433468800.0 	1.920E+01
				436060800.0 	1.950E+01
				477619200.0 	1.908E+01
				490665600.0 	1.939E+01
				531705600.0 	1.941E+01
				533260800.0 	1.898E+01
				533433600.0 	1.978E+01
				553219200.0 	1.944E+01
				556502400.0 	2.003E+01
				631238400.0 	2.314E+01
				633830400.0 	2.119E+01
				636249600.0 	2.234E+01
				641779200.0 	2.268E+01
				648345600.0 	2.246E+01
				653270400.0 	2.300E+01
				658627200.0 	2.142E+01
				663292800.0 	2.120E+01
				668217600.0 	2.183E+01
				676771200.0 	2.261E+01
				681782400.0 	2.194E+01
				692582400.0 	2.183E+01
				723859200.0 	2.428E+01
				733795200.0 	2.158E+01
				743817600.0 	2.213E+01
				766713600.0 	2.111E+01
				772934400.0 	2.117E+01
				777254400.0 	2.191E+01
				795139200.0 	2.137E+01
				944006400.0 	1.798E+01
				956102400.0 	1.940E+01
				961632000.0 	1.963E+01
				1111104000.0 	1.540E+01
				1151625600.0 	1.875E+01
				1201824000.0 	1.828E+01
				1250640000.0 	1.875E+01
				1267142400.0 	1.859E+01
				1296691200.0 	1.915E+01
				1307491200.0 	1.886E+01
				1326412800.0 	1.884E+01
				1366156800.0 	1.834E+01

		>>> ELEMENT: DA113-P
			>>>> ANNOTATION: AH-13-DD-200.0
			>>>> FACTOR     : 1.0E5 [bar] - [Pa]
			>>>> DEVIATION  : 10 [bar]
			>>>> DATA
				8294400.0 	3.449E+01
				100569600.0 	3.040E+01
				126921600.0 	2.788E+01
				155433600.0 	2.822E+01
				160876800.0 	2.669E+01
				189216000.0 	2.637E+01
				196473600.0 	2.575E+01
				200275200.0 	2.574E+01
				224640000.0 	2.373E+01
				234489600.0 	2.411E+01
				249609600.0 	2.375E+01
				278035200.0 	2.271E+01
				290304000.0 	2.250E+01
				306028800.0 	2.000E+01
				337651200.0 	2.139E+01
				357955200.0 	2.138E+01
				367113600.0 	2.101E+01
				383011200.0 	2.009E+01
				406944000.0 	2.089E+01
				414374400.0 	2.173E+01
				431913600.0 	2.134E+01
				468028800.0 	1.936E+01
				475459200.0 	1.890E+01
				491270400.0 	2.115E+01
				503798400.0 	1.957E+01
				513043200.0 	1.897E+01
				529200000.0 	1.981E+01
				536889600.0 	1.957E+01
				543196800.0 	1.867E+01
				563068800.0 	1.984E+01
				616464000.0 	2.198E+01
				637286400.0 	2.486E+01
				647568000.0 	2.157E+01
				653184000.0 	2.299E+01
				658540800.0 	2.345E+01
				663465600.0 	2.172E+01
				671846400.0 	2.292E+01
				673315200.0 	2.385E+01
				676080000.0 	2.350E+01
				681609600.0 	2.271E+01
				684547200.0 	2.289E+01
				693187200.0 	2.293E+01
				699148800.0 	2.193E+01
				709344000.0 	2.244E+01
				720835200.0 	2.275E+01
				729388800.0 	2.227E+01
				740188800.0 	2.249E+01
				750124800.0 	2.248E+01
				802483200.0 	2.164E+01
				804816000.0 	2.279E+01
				843696000.0 	2.135E+01
				844819200.0 	2.172E+01
				869270400.0 	2.211E+01
				880502400.0 	2.045E+01
				955065600.0 	2.001E+01
				1003881600.0 	1.799E+01
				1032307200.0 	1.988E+01
				1079481600.0 	2.202E+01
				1113955200.0 	1.788E+01
				1164499200.0 	1.923E+01
				1255478400.0 	1.894E+01
				1268179200.0 	1.912E+01
				1304467200.0 	1.910E+01
				1308268800.0 	1.865E+01
				1331078400.0 	1.880E+01
				1369180800.0 	1.885E+01

		>>> ELEMENT: DA114-P
			>>>> ANNOTATION: AH-14-DD-200.0
			>>>> FACTOR     : 1.0E5 [bar] - [Pa]
			>>>> DEVIATION  : 10 [bar]
			>>>> DATA
				442108800.0 	2.850E+01
				575337600.0 	2.898E+01
				601862400.0 	2.969E+01
				634348800.0 	3.216E+01
				659318400.0 	3.060E+01
				723168000.0 	2.975E+01
				817862400.0 	2.944E+01
				848620800.0 	3.110E+01
				880156800.0 	3.076E+01
				893462400.0 	2.997E+01
				920937600.0 	2.947E+01
				929750400.0 	3.226E+01
				931824000.0 	3.251E+01
				942796800.0 	2.949E+01
				952646400.0 	3.015E+01
				955584000.0 	3.098E+01
				1006300800.0 	3.303E+01
				1029283200.0 	3.088E+01
				1037404800.0 	3.085E+01
				1047427200.0 	3.272E+01
				1063929600.0 	3.115E+01
				1077235200.0 	3.277E+01
				1103241600.0 	3.207E+01
				1109721600.0 	3.220E+01
				1127433600.0 	3.374E+01
				1140825600.0 	3.345E+01

		>>> ELEMENT: DA116-P
			>>>> ANNOTATION: AH-16-DD-200.0
			>>>> FACTOR     : 1.0E5 [bar] - [Pa]
			>>>> DEVIATION  : 10 [bar]
			>>>> DATA
				87609600.0 	2.996E+01
				101520000.0 	2.973E+01
				123292800.0 	2.862E+01
				127612800.0 	2.810E+01
				157334400.0 	2.884E+01
				160704000.0 	2.807E+01
				174009600.0 	2.851E+01
				191030400.0 	2.686E+01
				210902400.0 	2.822E+01
				227491200.0 	2.506E+01
				251164800.0 	2.666E+01
				263001600.0 	2.565E+01
				278640000.0 	2.522E+01
				285292800.0 	2.576E+01
				313286400.0 	3.244E+01
				330393600.0 	2.379E+01
				337305600.0 	2.407E+01
				346032000.0 	2.331E+01
				360979200.0 	2.530E+01
				377308800.0 	2.373E+01
				385430400.0 	2.403E+01
				410832000.0 	2.360E+01
				431827200.0 	2.454E+01
				446774400.0 	2.452E+01
				471139200.0 	2.365E+01
				488851200.0 	2.196E+01
				526348800.0 	2.242E+01
				534038400.0 	2.314E+01
				554601600.0 	2.292E+01
				615859200.0 	2.582E+01
				621561600.0 	2.598E+01
				637891200.0 	2.616E+01
				642384000.0 	2.526E+01
				643939200.0 	2.593E+01
				649036800.0 	2.426E+01
				650764800.0 	2.462E+01
				652060800.0 	2.430E+01
				653011200.0 	2.465E+01
				654912000.0 	2.549E+01
				656121600.0 	2.386E+01
				656208000.0 	2.667E+01
				656380800.0 	2.642E+01
				657244800.0 	2.464E+01
				659145600.0 	2.513E+01
				660873600.0 	2.509E+01
				661737600.0 	2.420E+01
				664156800.0 	2.448E+01
				665107200.0 	2.413E+01
				665107200.0 	2.682E+01
				672624000.0 	2.481E+01
				733622400.0 	2.309E+01
				741052800.0 	2.323E+01
				955065600.0 	2.067E+01
				1032307200.0 	2.057E+01
				1048636800.0 	2.117E+01
				1080086400.0 	2.118E+01
				1115769600.0 	2.172E+01
				1161734400.0 	1.986E+01
				1253232000.0 	1.979E+01
				1269993600.0 	1.989E+01
				1332460800.0 	1.949E+01
				1358553600.0 	1.938E+01

		>>> ELEMENT: DA117-P
			>>>> ANNOTATION: AH-16A-DD-200.0
			>>>> FACTOR     : 1.0E5 [bar] - [Pa]
			>>>> DEVIATION  : 10 [bar]
			>>>> DATA
				732931200.0 	2.454E+01
				734054400.0 	2.481E+01
				739065600.0 	3.514E+01
				805593600.0 	2.454E+01
				839376000.0 	2.226E+01
				907200000.0 	2.104E+01
				907372800.0 	2.032E+01
				994204800.0 	2.010E+01
				1019692800.0 	2.004E+01
				1106697600.0 	2.021E+01
				1107216000.0 	1.956E+01
				1183161600.0 	1.945E+01
				1183420800.0 	2.000E+01
				1246233600.0 	1.935E+01
				1246579200.0 	1.988E+01
				1344470400.0 	1.925E+01
				1415750400.0 	1.877E+01

		>>> ELEMENT: DA118-P
			>>>> ANNOTATION: AH-17-DD-200.0
			>>>> FACTOR     : 1.0E5 [bar] - [Pa]
			>>>> DEVIATION  : 10 [bar]
			>>>> DATA
				53481600.0 	3.429E+01
				129427200.0 	2.902E+01
				135561600.0 	2.897E+01
				141523200.0 	2.894E+01
				154051200.0 	2.894E+01
				160358400.0 	2.801E+01
				174700800.0 	2.849E+01
				192326400.0 	2.717E+01
				233280000.0 	2.446E+01
				298252800.0 	2.072E+01
				348364800.0 	2.017E+01
				426470400.0 	2.053E+01
				457401600.0 	2.096E+01
				473558400.0 	2.164E+01
				532656000.0 	2.096E+01
				536025600.0 	2.291E+01
				545184000.0 	1.955E+01
				557193600.0 	2.267E+01
				628300800.0 	2.570E+01
				666748800.0 	2.383E+01
				691113600.0 	2.304E+01
				719539200.0 	2.375E+01
				807494400.0 	2.359E+01

		>>> ELEMENT: DA119-P
			>>>> ANNOTATION: AH-18-DD-200.0
			>>>> FACTOR     : 1.0E5 [bar] - [Pa]
			>>>> DEVIATION  : 10 [bar]
			>>>> DATA
				224640000.0 	3.009E+01
				290217600.0 	2.567E+01
				298684800.0 	3.014E+01
				337996800.0 	2.541E+01
				368323200.0 	2.586E+01
				443491200.0 	2.224E+01
				613958400.0 	2.691E+01
				614131200.0 	2.602E+01
				617932800.0 	2.658E+01
				626140800.0 	2.682E+01
				632102400.0 	2.702E+01
				639100800.0 	2.535E+01
				650246400.0 	2.501E+01
				654998400.0 	2.654E+01
				660960000.0 	2.526E+01
				667612800.0 	2.496E+01
				676684800.0 	2.539E+01
				690163200.0 	2.475E+01
				731894400.0 	2.564E+01
				742003200.0 	2.432E+01
				751334400.0 	2.569E+01
				835228800.0 	2.498E+01
				1051056000.0 	2.240E+01
				1084492800.0 	3.187E+01
				1255132800.0 	2.060E+01
				1269388800.0 	2.076E+01
				1304640000.0 	2.111E+01
				1316476800.0 	2.139E+01

		>>> ELEMENT: DA120-P
			>>>> ANNOTATION: AH-19-DD-200.0
			>>>> FACTOR     : 1.0E5 [bar] - [Pa]
			>>>> DEVIATION  : 10 [bar]
			>>>> DATA
				278380800.0 	2.461E+01
				301795200.0 	2.346E+01
				344044800.0 	2.312E+01
				374371200.0 	2.153E+01
				398044800.0 	2.155E+01
				413078400.0 	2.213E+01
				413856000.0 	2.282E+01
				458265600.0 	2.224E+01
				458524800.0 	2.211E+01
				490579200.0 	2.114E+01
				491702400.0 	2.145E+01
				532051200.0 	2.106E+01
				551664000.0 	2.150E+01
				556848000.0 	2.202E+01
				560563200.0 	2.185E+01
				618019200.0 	2.494E+01
				620697600.0 	2.543E+01
				633225600.0 	2.503E+01
				640310400.0 	2.389E+01
				652665600.0 	2.331E+01
				657936000.0 	2.295E+01
				663897600.0 	2.214E+01
				671155200.0 	2.372E+01
				676166400.0 	2.424E+01
				704764800.0 	2.320E+01
				715996800.0 	2.321E+01
				725587200.0 	2.354E+01
				737164800.0 	2.294E+01
				745804800.0 	2.311E+01
				821318400.0 	2.410E+01
				972604800.0 	2.155E+01
				1106092800.0 	2.008E+01
				1106870400.0 	1.883E+01
				1187395200.0 	1.886E+01
				1213488000.0 	1.907E+01
				1213833600.0 	2.033E+01
				1283040000.0 	2.090E+01
				1345248000.0 	2.008E+01

		>>> ELEMENT: DA121-P
			>>>> ANNOTATION: AH-2-DD-200.0
			>>>> FACTOR     : 1.0E5 [bar] - [Pa]
			>>>> DEVIATION  : 10 [bar]
			>>>> DATA
				639705600.0 	2.366E+01
				650937600.0 	2.290E+01
				715910400.0 	2.290E+01
				730684800.0 	2.356E+01
				739497600.0 	2.282E+01
				1073606400.0 	2.069E+01
				1111536000.0 	2.360E+01
				1203033600.0 	2.054E+01
				1240963200.0 	2.089E+01
				1267488000.0 	2.095E+01
				1299628800.0 	2.124E+01
				1328659200.0 	2.080E+01
				1365638400.0 	2.129E+01

		>>> ELEMENT: DA122-P
			>>>> ANNOTATION: AH-20-DD-200.0
			>>>> FACTOR     : 1.0E5 [bar] - [Pa]
			>>>> DEVIATION  : 10 [bar]
			>>>> DATA
				259459200.0 	2.004E+01
				259891200.0 	2.268E+01
				296784000.0 	2.088E+01
				323481600.0 	2.012E+01
				326592000.0 	2.048E+01
				332467200.0 	2.118E+01
				350006400.0 	2.052E+01
				352512000.0 	2.112E+01
				366940800.0 	2.274E+01
				408844800.0 	2.186E+01
				408844800.0 	2.015E+01
				408931200.0 	1.995E+01
				411350400.0 	1.964E+01
				412473600.0 	1.969E+01
				415670400.0 	2.013E+01
				486950400.0 	2.429E+01
				1107388800.0 	1.653E+01
				1187481600.0 	1.643E+01

		>>> ELEMENT: DA123-P
			>>>> ANNOTATION: AH-21-DD-200.0
			>>>> FACTOR     : 1.0E5 [bar] - [Pa]
			>>>> DEVIATION  : 10 [bar]
			>>>> DATA
				85017600.0 	2.986E+01
				101606400.0 	2.888E+01
				118800000.0 	2.776E+01
				134006400.0 	2.765E+01
				146361600.0 	2.796E+01
				159321600.0 	2.676E+01
				172454400.0 	2.580E+01
				234057600.0 	2.346E+01
				248659200.0 	2.398E+01
				282700800.0 	2.185E+01
				285465600.0 	2.161E+01
				332121600.0 	2.073E+01
				342403200.0 	2.193E+01
				372384000.0 	2.064E+01
				377827200.0 	2.062E+01
				402364800.0 	2.116E+01
				433641600.0 	2.073E+01
				434678400.0 	2.057E+01
				464659200.0 	2.071E+01
				489974400.0 	2.001E+01
				499478400.0 	1.992E+01
				522028800.0 	1.877E+01
				552182400.0 	1.821E+01
				618796800.0 	2.383E+01
				622425600.0 	2.379E+01
				627609600.0 	2.399E+01
				654307200.0 	2.230E+01
				714096000.0 	2.229E+01
				722131200.0 	2.253E+01
				749952000.0 	2.175E+01
				758332800.0 	2.104E+01
				1018396800.0 	1.725E+01
				1119484800.0 	1.550E+01
				1120176000.0 	1.947E+01
				1183507200.0 	1.505E+01
				1183852800.0 	1.917E+01
				1213920000.0 	1.617E+01
				1214265600.0 	1.949E+01
				1283212800.0 	1.969E+01
				1344902400.0 	1.903E+01
				1345852800.0 	1.596E+01

		>>> ELEMENT: DA124-P
			>>>> ANNOTATION: AH-22-DD-200.0
			>>>> FACTOR     : 1.0E5 [bar] - [Pa]
			>>>> DEVIATION  : 10 [bar]
			>>>> DATA
				85190400.0 	2.871E+01
				101606400.0 	3.048E+01
				118800000.0 	2.842E+01
				127872000.0 	2.804E+01
				152496000.0 	2.837E+01
				169603200.0 	2.655E+01
				183772800.0 	2.641E+01
				190512000.0 	2.592E+01
				281750400.0 	2.265E+01
				358819200.0 	2.115E+01
				462240000.0 	2.101E+01
				494640000.0 	2.064E+01
				1345075200.0 	1.920E+01

		>>> ELEMENT: DA125-P
			>>>> ANNOTATION: AH-23-DD-200.0
			>>>> FACTOR     : 1.0E5 [bar] - [Pa]
			>>>> DEVIATION  : 10 [bar]
			>>>> DATA
				85622400.0 	3.073E+01
				88905600.0 	2.996E+01
				89337600.0 	2.971E+01
				102038400.0 	2.994E+01
				110678400.0 	2.824E+01
				122169600.0 	2.875E+01
				173404800.0 	2.739E+01
				207273600.0 	2.463E+01
				235612800.0 	2.350E+01
				281664000.0 	2.261E+01
				293932800.0 	1.678E+01
				294019200.0 	2.123E+01
				357264000.0 	2.163E+01
				430099200.0 	2.084E+01
				492998400.0 	2.141E+01
				494726400.0 	2.079E+01
				647136000.0 	1.797E+01
				647654400.0 	2.203E+01
				678499200.0 	2.138E+01
				710553600.0 	2.222E+01
				740361600.0 	2.099E+01
				774921600.0 	2.160E+01
				1018828800.0 	1.979E+01
				1105747200.0 	1.901E+01
				1105833600.0 	1.208E+01
				1187136000.0 	1.210E+01
				1187395200.0 	1.957E+01
				1213488000.0 	1.177E+01
				1213833600.0 	1.944E+01
				1283126400.0 	1.972E+01
				1343606400.0 	1.918E+01
				1344902400.0 	1.105E+01

		>>> ELEMENT: DA126-P
			>>>> ANNOTATION: AH-24-DD-200.0
			>>>> FACTOR     : 1.0E5 [bar] - [Pa]
			>>>> DEVIATION  : 10 [bar]
			>>>> DATA
				88560000.0 	2.922E+01
				90720000.0 	2.937E+01
				92016000.0 	2.953E+01
				102729600.0 	2.972E+01
				127267200.0 	2.684E+01
				151027200.0 	2.738E+01
				172368000.0 	2.699E+01
				192499200.0 	2.494E+01
				234230400.0 	2.328E+01
				237168000.0 	2.339E+01
				277344000.0 	2.189E+01
				286848000.0 	2.156E+01
				342230400.0 	2.220E+01
				360892800.0 	2.224E+01
				366595200.0 	2.243E+01
				405388800.0 	2.128E+01
				433036800.0 	2.017E+01
				463968000.0 	2.065E+01
				494899200.0 	2.017E+01
				499392000.0 	2.024E+01
				523238400.0 	1.945E+01
				553564800.0 	2.002E+01
				615081600.0 	2.311E+01
				618624000.0 	2.384E+01
				622252800.0 	2.409E+01
				626745600.0 	2.379E+01
				635212800.0 	2.558E+01
				640915200.0 	2.382E+01
				650592000.0 	2.158E+01
				657331200.0 	2.235E+01
				673056000.0 	2.282E+01
				677894400.0 	2.276E+01
				688780800.0 	2.113E+01
				697161600.0 	2.216E+01
				697248000.0 	2.213E+01
				708134400.0 	2.172E+01
				719798400.0 	2.196E+01
				728956800.0 	2.135E+01
				740966400.0 	2.117E+01
				749174400.0 	2.224E+01
				758332800.0 	2.216E+01
				800928000.0 	2.242E+01
				975542400.0 	1.946E+01
				1008115200.0 	1.736E+01
				1015459200.0 	2.040E+01
				1037750400.0 	2.094E+01
				1042675200.0 	1.827E+01
				1055462400.0 	1.578E+01
				1065139200.0 	1.624E+01
				1117497600.0 	1.583E+01
				1152316800.0 	1.896E+01
				1260489600.0 	1.918E+01
				1279065600.0 	1.933E+01
				1305676800.0 	1.904E+01
				1337731200.0 	1.880E+01

		>>> ELEMENT: DA127-P
			>>>> ANNOTATION: AH-25-DD-200.0
			>>>> FACTOR     : 1.0E5 [bar] - [Pa]
			>>>> DEVIATION  : 10 [bar]
			>>>> DATA
				88387200.0 	2.790E+01
				92361600.0 	2.888E+01
				193708800.0 	2.481E+01
				230947200.0 	2.280E+01
				250905600.0 	2.301E+01
				294624000.0 	2.075E+01
				340329600.0 	2.126E+01
				358646400.0 	2.085E+01
				382233600.0 	2.035E+01
				401587200.0 	2.131E+01
				405216000.0 	2.123E+01
				408758400.0 	2.007E+01
				413596800.0 	2.018E+01
				462844800.0 	2.078E+01
				463708800.0 	2.085E+01
				464313600.0 	2.057E+01
				563760000.0 	2.167E+01
				579830400.0 	2.000E+01
				587433600.0 	2.096E+01
				685929600.0 	2.175E+01
				745200000.0 	2.188E+01
				806284800.0 	2.219E+01
				826761600.0 	2.094E+01
				829008000.0 	2.143E+01
				830995200.0 	2.133E+01
				870307200.0 	1.963E+01
				904176000.0 	2.002E+01
				950140800.0 	2.009E+01
				982281600.0 	1.907E+01
				1042070400.0 	1.905E+01
				1147824000.0 	1.882E+01
				1244764800.0 	1.889E+01
				1305849600.0 	1.897E+01
				1325635200.0 	1.893E+01
				1357689600.0 	1.859E+01
				1357689600.0 	1.859E+01
				1402531200.0 	1.823E+01

		>>> ELEMENT: DA128-P
			>>>> ANNOTATION: AH-26-DD-200.0
			>>>> FACTOR     : 1.0E5 [bar] - [Pa]
			>>>> DEVIATION  : 10 [bar]
			>>>> DATA
				32227200.0 	3.349E+01
				92188800.0 	2.937E+01
				127785600.0 	2.731E+01
				151977600.0 	2.774E+01
				160185600.0 	2.660E+01
				190944000.0 	2.473E+01
				223689600.0 	2.309E+01
				235612800.0 	2.346E+01
				282787200.0 	2.162E+01
				313113600.0 	2.120E+01
				350784000.0 	2.087E+01
				428112000.0 	1.970E+01
				467424000.0 	1.939E+01
				469324800.0 	1.917E+01
				469756800.0 	1.926E+01
				497145600.0 	1.968E+01
				500342400.0 	1.935E+01
				544752000.0 	1.892E+01
				651196800.0 	2.179E+01
				656812800.0 	2.048E+01
				742262400.0 	2.050E+01
				776736000.0 	2.168E+01
				808704000.0 	2.295E+01
				1018396800.0 	1.748E+01
				1119052800.0 	1.027E+01
				1119398400.0 	1.909E+01
				1183593600.0 	1.009E+01
				1183766400.0 	1.910E+01
				1213920000.0 	8.980E+00
				1214265600.0 	1.945E+01
				1283472000.0 	2.014E+01
				1345680000.0 	8.407E+00
				1345939200.0 	1.908E+01

		>>> ELEMENT: DA129-P
			>>>> ANNOTATION: AH-27-DD-200.0
			>>>> FACTOR     : 1.0E5 [bar] - [Pa]
			>>>> DEVIATION  : 10 [bar]
			>>>> DATA
				105235200.0 	3.013E+01
				112665600.0 	2.654E+01
				129254400.0 	2.806E+01
				139536000.0 	2.768E+01
				142214400.0 	2.752E+01
				150076800.0 	2.845E+01
				162000000.0 	2.731E+01
				237081600.0 	2.396E+01
				250300800.0 	2.427E+01
				276739200.0 	2.248E+01
				287884800.0 	2.187E+01
				367200000.0 	2.096E+01
				403401600.0 	2.169E+01
				445305600.0 	2.025E+01
				480816000.0 	1.947E+01
				483321600.0 	1.958E+01
				529200000.0 	1.986E+01
				561340800.0 	2.067E+01
				564364800.0 	1.925E+01
				654220800.0 	2.267E+01
				743299200.0 	2.160E+01
				749865600.0 	2.214E+01
				755654400.0 	2.231E+01
				774576000.0 	2.179E+01
				812332800.0 	2.237E+01
				994723200.0 	1.926E+01
				1118448000.0 	1.864E+01
				1139011200.0 	1.869E+01
				1142640000.0 	1.890E+01
				1183852800.0 	1.897E+01
				1184284800.0 	1.923E+01
				1215648000.0 	1.926E+01
				1277510400.0 	2.002E+01
				1282348800.0 	1.993E+01
				1345248000.0 	1.950E+01

		>>> ELEMENT: DA130-P
			>>>> ANNOTATION: AH-28-DD-200.0
			>>>> FACTOR     : 1.0E5 [bar] - [Pa]
			>>>> DEVIATION  : 10 [bar]
			>>>> DATA
				127699200.0 	2.684E+01
				131155200.0 	2.845E+01
				135907200.0 	2.767E+01
				155260800.0 	2.749E+01
				195436800.0 	2.514E+01
				249955200.0 	2.423E+01
				252979200.0 	2.372E+01
				254188800.0 	2.423E+01
				255398400.0 	2.380E+01
				289094400.0 	2.183E+01
				350179200.0 	2.111E+01
				363657600.0 	2.102E+01
				387072000.0 	1.970E+01
				410745600.0 	2.021E+01
				430790400.0 	2.105E+01
				443145600.0 	1.952E+01
				444355200.0 	2.021E+01
				476755200.0 	2.000E+01
				505440000.0 	1.906E+01
				548640000.0 	1.873E+01
				613872000.0 	2.410E+01
				618710400.0 	2.419E+01
				622771200.0 	2.408E+01
				641088000.0 	2.437E+01
				651369600.0 	2.203E+01
				664675200.0 	2.112E+01
				672451200.0 	2.264E+01
				677980800.0 	2.322E+01
				719020800.0 	2.443E+01
				726451200.0 	2.462E+01
				728092800.0 	2.294E+01
				728611200.0 	2.295E+01
				731635200.0 	2.239E+01
				734659200.0 	2.206E+01
				735868800.0 	2.206E+01
				736560000.0 	2.191E+01
				738892800.0 	2.235E+01
				821491200.0 	2.164E+01
				822700800.0 	2.267E+01
				964483200.0 	1.985E+01
				1047513600.0 	1.936E+01
				1117756800.0 	1.832E+01
				1214438400.0 	1.962E+01
				1282176000.0 	1.875E+01
				1324425600.0 	1.897E+01
				1346976000.0 	1.917E+01

		>>> ELEMENT: DA131-P
			>>>> ANNOTATION: AH-29-DD-200.0
			>>>> FACTOR     : 1.0E5 [bar] - [Pa]
			>>>> DEVIATION  : 10 [bar]
			>>>> DATA
				262742400.0 	2.170E+01
				278121600.0 	2.193E+01
				282960000.0 	2.212E+01
				288576000.0 	2.176E+01
				305596800.0 	2.045E+01
				332467200.0 	2.105E+01
				347760000.0 	2.008E+01
				357609600.0 	2.133E+01
				365126400.0 	2.150E+01
				369964800.0 	2.188E+01
				370742400.0 	2.145E+01
				381715200.0 	2.067E+01
				399081600.0 	2.012E+01
				422236800.0 	2.006E+01
				429235200.0 	2.024E+01
				429494400.0 	1.988E+01
				434332800.0 	2.064E+01
				442886400.0 	1.940E+01
				481507200.0 	1.954E+01
				508118400.0 	2.051E+01
				520128000.0 	1.931E+01
				534729600.0 	1.839E+01
				541987200.0 	1.878E+01
				564969600.0 	1.948E+01
				613267200.0 	2.392E+01
				619920000.0 	2.437E+01
				626400000.0 	2.411E+01
				632016000.0 	2.378E+01
				643507200.0 	2.304E+01
				648432000.0 	2.251E+01
				653788800.0 	2.252E+01
				659232000.0 	2.041E+01
				663984000.0 	2.211E+01
				671500800.0 	2.274E+01
				677289600.0 	2.318E+01
				737856000.0 	2.170E+01
				796003200.0 	2.192E+01
				845683200.0 	2.101E+01
				894067200.0 	2.061E+01
				921196800.0 	1.928E+01
				932601600.0 	1.878E+01
				1080259200.0 	1.963E+01
				1121385600.0 	2.086E+01
				1153440000.0 	1.888E+01
				1239926400.0 	1.883E+01
				1279238400.0 	1.983E+01
				1305244800.0 	1.865E+01
				1339545600.0 	1.858E+01
				1366761600.0 	1.848E+01

		>>> ELEMENT: DA133-P
			>>>> ANNOTATION: AH-30-DD-200.0
			>>>> FACTOR     : 1.0E5 [bar] - [Pa]
			>>>> DEVIATION  : 10 [bar]
			>>>> DATA
				136080000.0 	2.771E+01
				141955200.0 	2.689E+01
				155001600.0 	2.714E+01
				160790400.0 	2.635E+01
				174096000.0 	2.715E+01
				184982400.0 	2.579E+01
				191203200.0 	2.502E+01
				206064000.0 	2.461E+01
				223257600.0 	2.327E+01
				245030400.0 	2.097E+01
				278985600.0 	2.164E+01
				286675200.0 	2.121E+01
				333763200.0 	2.174E+01
				345945600.0 	2.017E+01
				353376000.0 	2.106E+01
				357436800.0 	2.077E+01
				359942400.0 	2.021E+01
				360288000.0 	2.170E+01
				391219200.0 	1.830E+01
				422064000.0 	1.999E+01
				496713600.0 	2.013E+01
				505094400.0 	1.876E+01
				534211200.0 	2.077E+01
				544406400.0 	1.891E+01
				548726400.0 	1.889E+01
				562032000.0 	2.084E+01
				566265600.0 	1.995E+01
				614649600.0 	2.329E+01
				615513600.0 	2.363E+01
				617328000.0 	2.391E+01
				618537600.0 	2.410E+01
				619228800.0 	2.411E+01
				620352000.0 	2.911E+01
				621734400.0 	2.423E+01
				622166400.0 	2.437E+01
				622944000.0 	2.392E+01
				623376000.0 	2.371E+01
				625881600.0 	2.406E+01
				627264000.0 	2.409E+01
				627609600.0 	2.403E+01
				628214400.0 	2.432E+01
				631584000.0 	2.241E+01
				633139200.0 	2.413E+01
				634521600.0 	2.408E+01
				634867200.0 	2.417E+01
				635644800.0 	2.442E+01
				636681600.0 	2.414E+01
				638236800.0 	2.387E+01
				638668800.0 	2.399E+01
				640396800.0 	2.396E+01
				641174400.0 	2.457E+01
				642211200.0 	2.243E+01

		>>> ELEMENT: DA134-P
			>>>> ANNOTATION: AH-31-DD-200.0
			>>>> FACTOR     : 1.0E5 [bar] - [Pa]
			>>>> DEVIATION  : 10 [bar]
			>>>> DATA
				221011200.0 	2.341E+01
				222566400.0 	2.322E+01
				223603200.0 	2.332E+01
				252028800.0 	2.429E+01
				256435200.0 	2.428E+01
				278899200.0 	2.214E+01
				285379200.0 	2.187E+01
				298771200.0 	2.059E+01
				325296000.0 	2.037E+01
				345859200.0 	2.058E+01
				361152000.0 	2.123E+01
				415584000.0 	2.094E+01
				418435200.0 	2.035E+01
				447638400.0 	2.000E+01
				477360000.0 	2.009E+01
				478483200.0 	1.932E+01
				523756800.0 	2.040E+01
				561945600.0 	2.065E+01
				653961600.0 	2.298E+01
				686361600.0 	2.201E+01
				718934400.0 	2.215E+01
				743212800.0 	2.089E+01
				755654400.0 	1.829E+01
				774057600.0 	2.165E+01
				798940800.0 	2.150E+01
				971913600.0 	1.965E+01
				1019174400.0 	2.194E+01
				1107820800.0 	1.953E+01
				1183161600.0 	1.977E+01
				1183420800.0 	1.965E+01
				1201651200.0 	1.935E+01
				1203552000.0 	1.936E+01
				1206057600.0 	1.928E+01
				1252972800.0 	1.800E+01
				1253836800.0 	1.871E+01
				1253923200.0 	1.891E+01
				1254182400.0 	1.871E+01
				1254960000.0 	1.957E+01
				1258070400.0 	1.925E+01
				1259020800.0 	1.937E+01
				1295481600.0 	1.988E+01
				1342483200.0 	1.900E+01

		>>> ELEMENT: DA135-P
			>>>> ANNOTATION: AH-32-DD-200.0
			>>>> FACTOR     : 1.0E5 [bar] - [Pa]
			>>>> DEVIATION  : 10 [bar]
			>>>> DATA
				221356800.0 	2.119E+01
				221443200.0 	2.173E+01
				222220800.0 	2.266E+01
				222739200.0 	2.591E+01
				223344000.0 	2.733E+01
				225590400.0 	2.836E+01
				414720000.0 	2.200E+01
				422841600.0 	2.140E+01
				434937600.0 	2.175E+01
				447465600.0 	2.159E+01
				481248000.0 	2.078E+01
				498355200.0 	1.969E+01
				500601600.0 	2.078E+01
				506044800.0 	2.065E+01
				513907200.0 	2.164E+01
				528681600.0 	2.074E+01
				546220800.0 	1.931E+01
				624412800.0 	2.235E+01
				624585600.0 	2.274E+01
				624672000.0 	2.309E+01
				624931200.0 	2.323E+01
				625276800.0 	2.404E+01
				625795200.0 	2.376E+01
				626572800.0 	2.410E+01
				627350400.0 	2.369E+01
				636336000.0 	2.473E+01
				652406400.0 	2.128E+01
				657417600.0 	2.270E+01
				657849600.0 	2.838E+01
				670550400.0 	2.342E+01
				678067200.0 	2.402E+01
				722044800.0 	2.356E+01
				726969600.0 	2.299E+01
				954979200.0 	2.372E+01
				972691200.0 	2.527E+01
				983577600.0 	1.285E+01
				1027123200.0 	2.469E+01
				1061942400.0 	2.423E+01
				1123027200.0 	2.705E+01
				1148083200.0 	1.811E+01
				1152921600.0 	2.143E+01
				1155081600.0 	2.134E+01
				1158710400.0 	2.237E+01
				1246060800.0 	1.690E+01
				1246579200.0 	2.176E+01
				1308096000.0 	2.067E+01
				1342742400.0 	2.180E+01
				1369785600.0 	2.119E+01

		>>> ELEMENT: DA136-P
			>>>> ANNOTATION: AH-33A-DD-200.0
			>>>> FACTOR     : 1.0E5 [bar] - [Pa]
			>>>> DEVIATION  : 10 [bar]
			>>>> DATA
				714182400.0 	1.673E+01
				715651200.0 	2.037E+01
				716169600.0 	2.091E+01
				716774400.0 	2.126E+01
				722822400.0 	2.443E+01
				724032000.0 	2.450E+01
				726537600.0 	2.437E+01
				743990400.0 	2.345E+01
				747532800.0 	2.344E+01
				765676800.0 	2.362E+01

		>>> ELEMENT: DA137-P
			>>>> ANNOTATION: AH-33B-DD-200.0
			>>>> FACTOR     : 1.0E5 [bar] - [Pa]
			>>>> DEVIATION  : 10 [bar]
			>>>> DATA
				721353600.0 	2.430E+01
				723340800.0 	2.494E+01
				724550400.0 	2.401E+01
				727056000.0 	2.402E+01
				748224000.0 	2.464E+01
				765504000.0 	2.347E+01
				765590400.0 	2.303E+01
				809308800.0 	2.439E+01
				847152000.0 	2.219E+01
				1020124800.0 	2.249E+01
				1071792000.0 	2.094E+01
				1106352000.0 	2.238E+01
				1107907200.0 	2.084E+01
				1148601600.0 	2.049E+01
				1160006400.0 	2.001E+01
				1177372800.0 	2.050E+01
				1210723200.0 	1.885E+01
				1210896000.0 	1.939E+01
				1211241600.0 	1.997E+01
				1211500800.0 	2.017E+01
				1212710400.0 	2.017E+01
				1246233600.0 	1.878E+01
				1246579200.0 	2.059E+01
				1277424000.0 	2.053E+01
				1348876800.0 	1.923E+01
				1349136000.0 	2.045E+01

		>>> ELEMENT: DA138-P
			>>>> ANNOTATION: AH-33C-DD-200.0
			>>>> FACTOR     : 1.0E5 [bar] - [Pa]
			>>>> DEVIATION  : 10 [bar]
			>>>> DATA
				1030752000.0 	1.298E+01
				1031443200.0 	1.463E+01
				1031616000.0 	1.560E+01
				1031875200.0 	1.513E+01
				1032393600.0 	1.807E+01
				1034121600.0 	1.856E+01
				1034294400.0 	1.817E+01
				1044489600.0 	1.936E+01
				1046390400.0 	1.877E+01
				1055635200.0 	1.950E+01
				1113523200.0 	2.160E+01
				1161388800.0 	2.264E+01
				1177632000.0 	1.888E+01
				1182643200.0 	1.946E+01
				1257897600.0 	2.007E+01
				1291766400.0 	1.958E+01
				1323216000.0 	1.937E+01
				1354665600.0 	1.902E+01
				1372377600.0 	1.928E+01

		>>> ELEMENT: DA139-P
			>>>> ANNOTATION: AH-34-DD-200.0
			>>>> FACTOR     : 1.0E5 [bar] - [Pa]
			>>>> DEVIATION  : 10 [bar]
			>>>> DATA
				708739200.0 	3.618E+01
				710640000.0 	2.038E+01
				729907200.0 	2.295E+01
				759542400.0 	1.956E+01
				781488000.0 	2.286E+01
				1224201600.0 	1.385E+01
				1224720000.0 	2.418E+01
				1238716800.0 	2.122E+01
				1257465600.0 	2.053E+01
				1284681600.0 	2.125E+01
				1400716800.0 	1.979E+01
				1402444800.0 	1.937E+01
				1403654400.0 	1.497E+01
				1404950400.0 	1.670E+01

		>>> ELEMENT: DA140-P
			>>>> ANNOTATION: AH-34A-DD-200.0
			>>>> FACTOR     : 1.0E5 [bar] - [Pa]
			>>>> DEVIATION  : 10 [bar]
			>>>> DATA
				719193600.0 	2.215E+01
				724118400.0 	2.217E+01
				726278400.0 	2.232E+01
				727747200.0 	2.237E+01
				729475200.0 	2.187E+01
				759715200.0 	2.306E+01
				782697600.0 	2.211E+01
				804384000.0 	2.211E+01
				1141344000.0 	2.287E+01
				1258761600.0 	1.986E+01
				1280448000.0 	2.027E+01
				1287014400.0 	2.194E+01
				1287532800.0 	2.001E+01
				1296000000.0 	2.005E+01
				1297209600.0 	1.967E+01
				1297814400.0 	2.024E+01
				1298419200.0 	2.017E+01
				1299542400.0 	1.999E+01
				1301356800.0 	1.977E+01
				1301529600.0 	2.191E+01
				1302048000.0 	2.071E+01
				1303257600.0 	1.985E+01
				1320364800.0 	2.209E+01
				1320883200.0 	2.013E+01
				1349827200.0 	2.185E+01
				1350000000.0 	2.024E+01
				1394496000.0 	1.737E+01
				1398297600.0 	1.927E+01
				1398729600.0 	2.047E+01

		>>> ELEMENT: DA141-P
			>>>> ANNOTATION: AH-34B-DD-200.0
			>>>> FACTOR     : 1.0E5 [bar] - [Pa]
			>>>> DEVIATION  : 10 [bar]
			>>>> DATA
				723254400.0 	1.656E+01
				725932800.0 	2.193E+01
				727574400.0 	2.341E+01
				759628800.0 	2.379E+01
				783907200.0 	2.194E+01
				804988800.0 	2.292E+01
				832896000.0 	2.215E+01
				1259280000.0 	2.006E+01
				1291161600.0 	2.022E+01
				1318636800.0 	2.000E+01
				1340755200.0 	1.974E+01

		>>> ELEMENT: DA142-P
			>>>> ANNOTATION: AH-35A-DD-200.0
			>>>> FACTOR     : 1.0E5 [bar] - [Pa]
			>>>> DEVIATION  : 10 [bar]
			>>>> DATA
				818294400.0 	3.166E+01
				840758400.0 	3.311E+01
				1149638400.0 	3.093E+01
				1182643200.0 	3.248E+01
				1247011200.0 	3.034E+01
				1247184000.0 	3.215E+01
				1271289600.0 	3.055E+01
				1276905600.0 	3.239E+01
				1302825600.0 	2.996E+01
				1316736000.0 	3.083E+01
				1321660800.0 	3.215E+01
				1348963200.0 	3.003E+01
				1349222400.0 	3.172E+01

		>>> ELEMENT: DA143-P
			>>>> ANNOTATION: AH-35B-DD-200.0
			>>>> FACTOR     : 1.0E5 [bar] - [Pa]
			>>>> DEVIATION  : 10 [bar]
			>>>> DATA
				745977600.0 	2.986E+01
				746323200.0 	2.845E+01
				1047513600.0 	3.223E+01
				1050537600.0 	1.477E+01
				1136332800.0 	3.101E+01
				1137024000.0 	1.944E+01
				1137110400.0 	1.944E+01
				1139270400.0 	2.085E+01
				1144713600.0 	1.800E+01
				1149033600.0 	1.740E+01
				1155254400.0 	1.872E+01
				1162857600.0 	1.877E+01
				1182556800.0 	3.142E+01
				1210118400.0 	1.938E+01
				1231372800.0 	2.051E+01
				1231459200.0 	2.273E+01
				1231545600.0 	3.169E+01
				1271116800.0 	2.144E+01
				1276041600.0 	3.242E+01
				1299801600.0 	1.967E+01
				1321747200.0 	3.178E+01
				1359590400.0 	2.195E+01

		>>> ELEMENT: DA144-P
			>>>> ANNOTATION: AH-35C-DD-200.0
			>>>> FACTOR     : 1.0E5 [bar] - [Pa]
			>>>> DEVIATION  : 10 [bar]
			>>>> DATA
				1018483200.0 	3.777E+01
				1018569600.0 	3.049E+01
				1019520000.0 	2.589E+01
				1021593600.0 	2.864E+01
				1023235200.0 	2.867E+01
				1023926400.0 	2.746E+01
				1024531200.0 	2.729E+01
				1024617600.0 	2.780E+01
				1025049600.0 	2.764E+01
				1034726400.0 	3.047E+01
				1119398400.0 	2.935E+01
				1119916800.0 	2.832E+01
				1147132800.0 	2.640E+01
				1149811200.0 	2.640E+01
				1157068800.0 	2.609E+01
				1183075200.0 	2.998E+01
				1247356800.0 	2.623E+01
				1247616000.0 	2.992E+01
				1309305600.0 	2.597E+01
				1349654400.0 	2.987E+01

		>>> ELEMENT: DA145-P
			>>>> ANNOTATION: AH-35D-DD-200.0
			>>>> FACTOR     : 1.0E5 [bar] - [Pa]
			>>>> DEVIATION  : 10 [bar]
			>>>> DATA
				1262908800.0 	3.731E+01
				1262995200.0 	2.922E+01
				1263081600.0 	3.064E+01
				1264032000.0 	2.868E+01
				1264636800.0 	2.887E+01
				1265760000.0 	2.878E+01
				1267228800.0 	2.848E+01
				1269043200.0 	2.725E+01
				1270598400.0 	2.853E+01
				1271980800.0 	2.822E+01
				1273017600.0 	2.906E+01
				1311120000.0 	2.874E+01
				1320364800.0 	2.917E+01
				1327449600.0 	2.891E+01
				1328227200.0 	2.689E+01
				1337299200.0 	2.873E+01
				1354147200.0 	2.861E+01
				1358294400.0 	2.844E+01
				1380758400.0 	2.877E+01
				1395360000.0 	2.813E+01
				1411603200.0 	2.748E+01
				1414022400.0 	2.752E+01
				1414454400.0 	2.742E+01
				1416441600.0 	2.814E+01

		>>> ELEMENT: DA146-P
			>>>> ANNOTATION: AH-36-DD-200.0
			>>>> FACTOR     : 1.0E5 [bar] - [Pa]
			>>>> DEVIATION  : 10 [bar]
			>>>> DATA
				780883200.0 	2.610E+01
				782006400.0 	2.615E+01
				784425600.0 	2.593E+01
				787968000.0 	2.607E+01
				790387200.0 	2.588E+01
				795744000.0 	2.615E+01
				797817600.0 	2.565E+01
				800236800.0 	2.593E+01
				802051200.0 	2.598E+01
				804470400.0 	2.617E+01
				807062400.0 	2.601E+01
				811728000.0 	2.617E+01
				829094400.0 	2.849E+01
				1092268800.0 	2.527E+01
				1110499200.0 	2.517E+01
				1152316800.0 	2.368E+01
				1205452800.0 	2.355E+01
				1252022400.0 	2.374E+01
				1279670400.0 	2.378E+01
				1306886400.0 	2.370E+01
				1341360000.0 	2.381E+01

		>>> ELEMENT: DA148-P
			>>>> ANNOTATION: AH-5-DD-200.0
			>>>> FACTOR     : 1.0E5 [bar] - [Pa]
			>>>> DEVIATION  : 10 [bar]
			>>>> DATA
				276825600.0 	2.239E+01
				285638400.0 	2.147E+01
				297993600.0 	2.032E+01
				308102400.0 	2.102E+01
				332640000.0 	2.110E+01
				364953600.0 	2.271E+01
				371260800.0 	2.148E+01
				383270400.0 	2.000E+01
				384566400.0 	1.976E+01
				399686400.0 	1.980E+01
				417312000.0 	1.875E+01
				439257600.0 	1.817E+01
				444614400.0 	1.984E+01
				469411200.0 	1.946E+01
				476150400.0 	1.934E+01
				489283200.0 	2.036E+01
				508809600.0 	2.028E+01
				515462400.0 	1.800E+01
				540086400.0 	1.946E+01
				553996800.0 	1.975E+01
				561168000.0 	1.950E+01
				614563200.0 	2.335E+01
				620006400.0 	2.420E+01
				627004800.0 	2.361E+01
				631843200.0 	2.329E+01
				642902400.0 	2.235E+01
				649555200.0 	2.002E+01
				656035200.0 	2.234E+01
				664502400.0 	2.164E+01
				668908800.0 	2.236E+01
				675648000.0 	2.209E+01
				683942400.0 	2.189E+01
				691718400.0 	2.140E+01
				702172800.0 	2.170E+01
				713491200.0 	2.184E+01
				724377600.0 	2.286E+01
				734745600.0 	2.278E+01
				744336000.0 	2.214E+01
				772761600.0 	2.146E+01
				775180800.0 	2.163E+01
				777254400.0 	2.117E+01
				791856000.0 	2.103E+01
				792374400.0 	2.125E+01
				879465600.0 	2.014E+01
				930268800.0 	2.167E+01
				1112140800.0 	2.090E+01
				1152144000.0 	1.958E+01
				1204243200.0 	1.847E+01
				1240963200.0 	1.771E+01
				1267142400.0 	1.859E+01
				1302652800.0 	1.826E+01
				1312934400.0 	1.843E+01
				1327622400.0 	1.851E+01
				1363737600.0 	1.836E+01
				1376438400.0 	1.826E+01

		>>> ELEMENT: DA149-P
			>>>> ANNOTATION: AH-6-DD-200.0
			>>>> FACTOR     : 1.0E5 [bar] - [Pa]
			>>>> DEVIATION  : 10 [bar]
			>>>> DATA
				29289600.0 	3.306E+01
				103075200.0 	2.926E+01
				127958400.0 	2.703E+01
				156297600.0 	2.616E+01
				167788800.0 	2.554E+01
				197596800.0 	2.459E+01
				233452800.0 	2.290E+01
				256521600.0 	2.360E+01
				272764800.0 	2.040E+01
				300499200.0 	1.975E+01
				352771200.0 	2.077E+01
				353721600.0 	2.073E+01
				384739200.0 	1.963E+01
				385084800.0 	2.033E+01
				428630400.0 	1.908E+01
				430531200.0 	1.908E+01
				490924800.0 	2.027E+01
				491788800.0 	1.995E+01
				526953600.0 	1.961E+01
				584064000.0 	1.798E+01
				588988800.0 	2.051E+01
				648172800.0 	2.115E+01
				677203200.0 	2.203E+01
				677462400.0 	1.770E+01
				720144000.0 	2.124E+01
				741916800.0 	1.963E+01
				776390400.0 	2.143E+01
				1182297600.0 	1.894E+01
				1227916800.0 	1.876E+01
				1228003200.0 	1.869E+01
				1228176000.0 	1.868E+01
				1246924800.0 	1.861E+01

		>>> ELEMENT: DA150-P
			>>>> ANNOTATION: AH-7-DD-200.0
			>>>> FACTOR     : 1.0E5 [bar] - [Pa]
			>>>> DEVIATION  : 10 [bar]
			>>>> DATA
				86227200.0 	2.988E+01
				101001600.0 	2.972E+01
				119318400.0 	2.780E+01
				127353600.0 	2.655E+01
				145929600.0 	2.805E+01
				168480000.0 	2.651E+01
				180403200.0 	2.560E+01
				190166400.0 	2.517E+01
				233625600.0 	2.328E+01
				257731200.0 	2.301E+01
				340588800.0 	2.276E+01
				351993600.0 	2.109E+01
				359769600.0 	2.176E+01
				366508800.0 	2.178E+01
				370828800.0 	2.173E+01
				384480000.0 	2.052E+01
				387244800.0 	1.936E+01
				402710400.0 	2.174E+01
				407635200.0 	2.031E+01
				411091200.0 	1.998E+01
				413251200.0 	2.119E+01
				434419200.0 	2.077E+01
				437702400.0 	1.968E+01
				438566400.0 	1.950E+01
				444096000.0 	1.904E+01
				450403200.0 	1.947E+01
				455241600.0 	1.962E+01
				468633600.0 	1.849E+01
				471916800.0 	1.773E+01
				483926400.0 	1.950E+01
				497232000.0 	2.054E+01
				497577600.0 	2.078E+01
				498960000.0 	2.049E+01
				506736000.0 	1.972E+01
				556588800.0 	2.060E+01
				614390400.0 	2.392E+01
				619142400.0 	2.418E+01
				621907200.0 	2.422E+01
				624758400.0 	2.414E+01
				631411200.0 	2.427E+01
				636336000.0 	2.482E+01
				643075200.0 	2.297E+01
				646012800.0 	2.278E+01
				652579200.0 	2.298E+01
				657849600.0 	2.170E+01
				663552000.0 	2.200E+01
				668304000.0 	2.237E+01
				672969600.0 	2.265E+01
				678412800.0 	2.142E+01
				679363200.0 	2.201E+01
				684115200.0 	2.239E+01
				689990400.0 	2.122E+01
				722563200.0 	2.480E+01
				731116800.0 	2.274E+01
				739584000.0 	2.225E+01
				750988800.0 	2.226E+01
				795484800.0 	2.199E+01
				820108800.0 	1.654E+01
				834019200.0 	2.122E+01

		>>> ELEMENT: DA151-P
			>>>> ANNOTATION: AH-8-DD-200.0
			>>>> FACTOR     : 1.0E5 [bar] - [Pa]
			>>>> DEVIATION  : 10 [bar]
			>>>> DATA
				180316800.0 	3.558E+01
				203904000.0 	3.275E+01
				221788800.0 	2.883E+01
				245376000.0 	2.602E+01
				262483200.0 	2.700E+01
				276912000.0 	2.709E+01
				285897600.0 	2.721E+01
				289612800.0 	2.736E+01
				300758400.0 	2.643E+01
				309571200.0 	2.544E+01
				334972800.0 	2.568E+01
				350611200.0 	2.589E+01
				384652800.0 	2.534E+01
				399772800.0 	2.481E+01
				409363200.0 	2.491E+01
				415411200.0 	2.490E+01
				437356800.0 	2.038E+02
				446947200.0 	2.478E+01
				455500800.0 	2.497E+01
				475200000.0 	2.385E+01
				501379200.0 	2.500E+01
				512956800.0 	2.490E+01
				526003200.0 	2.449E+01
				549158400.0 	2.459E+01
				558230400.0 	2.584E+01
				618883200.0 	2.837E+01
				632188800.0 	2.706E+01
				634435200.0 	2.891E+01
				639273600.0 	2.784E+01
				649987200.0 	2.656E+01
				654825600.0 	2.504E+01
				670636800.0 	2.693E+01
				676598400.0 	2.788E+01
				781401600.0 	2.657E+01
				784252800.0 	2.629E+01
				784857600.0 	2.621E+01
				798768000.0 	2.695E+01
				803174400.0 	2.702E+01
				820713600.0 	2.771E+01
				835056000.0 	2.638E+01
				1256083200.0 	2.421E+01
				1267747200.0 	2.546E+01
				1303862400.0 	2.494E+01
				1330041600.0 	2.502E+01
				1366243200.0 	2.482E+01

		>>> ELEMENT: DA151-P
			>>>> ANNOTATION: CH-1-DD-200.0
			>>>> FACTOR     : 1.0E5 [bar] - [Pa]
			>>>> DEVIATION  : 10 [bar]
			>>>> DATA
				-164505600.0 	3.286E+01
				-162086400.0 	3.574E+01

		>>> ELEMENT: DA153-P
			>>>> ANNOTATION: CH-7-DD-200.0
			>>>> FACTOR     : 1.0E5 [bar] - [Pa]
			>>>> DEVIATION  : 10 [bar]
			>>>> DATA
				538963200.0 	2.640E+01
				542505600.0 	2.459E+01
				547948800.0 	2.523E+01
				560044800.0 	2.507E+01
				566697600.0 	2.532E+01
				594345600.0 	2.540E+01
				697939200.0 	2.769E+01
				912124800.0 	2.664E+01
				956966400.0 	3.528E+01
				1340323200.0 	5.698E+01

		>>> ELEMENT: DA154-P
			>>>> ANNOTATION: CH-7BIS-DD-200.0
			>>>> FACTOR     : 1.0E5 [bar] - [Pa]
			>>>> DEVIATION  : 10 [bar]
			>>>> DATA
				539481600.0 	7.053E+00
				540518400.0 	6.849E+00
				541382400.0 	1.077E+01
				542592000.0 	2.466E+01
				542937600.0 	2.491E+01
				577411200.0 	2.530E+01
				642038400.0 	2.913E+01
				648950400.0 	3.002E+01
				654566400.0 	2.961E+01
				1155254400.0 	3.191E+01
				1342137600.0 	5.960E+01
				1347408000.0 	6.083E+01
				1360108800.0 	6.021E+01
				1371427200.0 	4.966E+01
				1372032000.0 	2.977E+01
				1374019200.0 	5.487E+01
				1374624000.0 	5.755E+01

		>>> ELEMENT: DA155-P
			>>>> ANNOTATION: CH-8-DD-200.0
			>>>> FACTOR     : 1.0E5 [bar] - [Pa]
			>>>> DEVIATION  : 10 [bar]
			>>>> DATA
				574732800.0 	2.428E+01
				723945600.0 	2.927E+01
				826070400.0 	3.094E+01

		>>> ELEMENT: DA156-P
			>>>> ANNOTATION: CH-9-DD-200.0
			>>>> FACTOR     : 1.0E5 [bar] - [Pa]
			>>>> DEVIATION  : 10 [bar]
			>>>> DATA
				507859200.0 	2.582E+01
				512870400.0 	2.659E+01
				514684800.0 	2.756E+01
				516326400.0 	2.781E+01
				516499200.0 	2.927E+01
				543283200.0 	2.515E+01
				566784000.0 	2.602E+01
				647222400.0 	2.773E+01
				655084800.0 	2.857E+01
				662947200.0 	2.951E+01
				674438400.0 	2.894E+01
				1135123200.0 	5.793E+01
				1237420800.0 	6.027E+01
				1241136000.0 	3.275E+01
				1241222400.0 	3.048E+01
				1241308800.0 	2.917E+01
				1241395200.0 	2.931E+01
				1241481600.0 	2.953E+01
				1241740800.0 	5.374E+01
				1338336000.0 	6.027E+01
				1363305600.0 	5.963E+01

		>>> ELEMENT: DA157-P
			>>>> ANNOTATION: CH-9A-DD-200.0
			>>>> FACTOR     : 1.0E5 [bar] - [Pa]
			>>>> DEVIATION  : 10 [bar]
			>>>> DATA
				1040083200.0 	2.614E+01
				1040428800.0 	2.649E+01
				1046995200.0 	3.584E+01
				1236988800.0 	5.540E+01
				1386374400.0 	3.201E+01

		>>> ELEMENT: DA158-P
			>>>> ANNOTATION: CH-9B-DD-200.0
			>>>> FACTOR     : 1.0E5 [bar] - [Pa]
			>>>> DEVIATION  : 10 [bar]
			>>>> DATA
				1379548800.0 	3.080E+01
				1379635200.0 	3.125E+01
				1379721600.0 	3.162E+01
				1380240000.0 	3.278E+01
				1380844800.0 	3.310E+01
				1381449600.0 	3.321E+01
				1381881600.0 	3.329E+01
				1383091200.0 	3.382E+01

		>>> ELEMENT: DA160-P
			>>>> ANNOTATION: CH-D-DD-200.0
			>>>> FACTOR     : 1.0E5 [bar] - [Pa]
			>>>> DEVIATION  : 10 [bar]
			>>>> DATA
				1311292800.0 	3.196E+01
		<<<
