  >> first GUESS (fit2.par)

/*
ROCKS from inversion "itough2 fit2 t2  1"  Date: 12-Mar-20  11:59
barri    2 2650.    0.1000    0.1000E-290.1000E-290.1000E-29 2.100     850.0    
                        2.1000                              
    3     0.4000    0.3000E-01                                                  
    1     0.1000E+07           1.000                                            
rock2    2 2650.    0.1000    0.1000E-190.1000E-190.1000E-19 2.100     850.0    
                        2.1000                              
    3     0.4000    0.3000E-01                                                  
    1     0.1000E+07           1.000                                            
caprk    2 2650.    0.1000    0.1000E-170.1000E-170.1000E-17 2.100     850.0    
                        2.1000                              
    3     0.4000    0.3000E-01                                                  
    1     0.1000E+07           1.000                                            
rock3    2 2650.    0.1000    0.1000E-140.1000E-140.1000E-14 2.100     850.0    
                        2.1000                              
    3     0.4000    0.3000E-01                                                  
    1     0.1000E+07           1.000                                            
rock4    2 2650.    0.1000    0.1000E-140.1000E-140.1000E-14 2.100     850.0    
                        2.1000                              
    3     0.4000    0.3000E-01                                                  
    1     0.1000E+07           1.000                                            
rock1    2 2650.    0.1000    0.1000E-130.1000E-130.1000E-13 2.100     850.0    
                        2.1000                              
    3     0.4000    0.3000E-01                                                  
    1     0.1000E+07           1.000                                            

RPCAP
    3     0.4000    0.3000E-01                                                  
    1     0.1000E+07           1.000                                            

*/  End of file fit2.par
