MD,P,T
0.08,12.573,193.21
1.0,12.576,193.248
5.0,12.581,193.329
9.0,12.593,193.37
13.0,12.595,193.397
17.0,12.603,193.42
21.0,12.609,193.45
25.0,12.62,193.47
29.0,12.625,193.49
33.0,12.626,193.51
37.0,12.633,193.53
41.0,12.63,193.551
45.0,12.646,193.577
49.0,12.657,193.609
53.0,12.659,193.64
57.0,12.669,193.651
61.0,12.67,193.68
65.0,12.683,193.69
69.0,12.686,193.714
73.0,12.693,193.734
77.0,12.697,193.75
81.0,12.706,193.78
85.0,12.714,193.8
89.0,12.715,193.818
93.0,12.726,193.844
97.0,12.725,193.857
101.0,12.737,193.881
105.0,12.744,193.91
109.0,12.75,193.94
113.0,12.757,193.96
117.0,12.759,193.982
121.0,12.772,194.008
125.0,12.775,194.03
129.0,12.783,194.053
133.0,12.786,194.073
137.0,12.793,194.104
141.0,12.801,194.132
145.0,12.807,194.169
149.0,12.815,194.206
153.0,12.818,194.237
157.0,12.824,194.291
161.0,12.836,194.315
165.0,12.84,194.366
169.0,12.842,194.34
173.0,12.843,194.38
177.0,12.853,194.41
181.0,12.861,194.431
185.0,12.866,194.483
189.0,12.871,194.51
193.0,12.876,194.501
197.0,12.881,194.521
201.0,12.885,194.542
205.0,12.899,194.557
209.0,12.9,194.6
213.0,12.906,194.626
217.0,12.914,194.658
221.0,12.923,194.679
225.0,12.924,194.69
229.0,12.934,194.687
233.0,12.941,194.735
237.0,12.943,194.74
241.0,12.952,194.757
245.0,12.957,194.78
249.0,12.964,194.8
253.0,12.973,194.83
257.0,12.979,194.85
261.0,12.987,194.86
265.0,12.993,194.89
269.0,12.991,194.9
273.0,13.008,194.93
277.0,13.01,194.958
281.0,13.017,194.97
285.0,13.024,195.004
289.0,13.029,194.982
293.0,13.037,195.01
297.0,13.044,195.059
301.0,13.051,195.1
305.0,13.05,195.12
309.0,13.064,195.146
313.0,13.067,195.178
317.0,13.071,195.204
321.0,13.075,195.191
325.0,13.084,195.22
329.0,13.092,195.239
333.0,13.094,195.246
337.0,13.098,195.263
341.0,13.106,195.285
345.0,13.11,195.29
349.0,13.121,195.306
353.0,13.12,195.334
357.0,13.132,195.356
361.0,13.134,195.37
365.0,13.139,195.4
369.0,13.144,195.41
373.0,13.151,195.44
377.0,13.157,195.461
381.0,13.162,195.47
385.0,13.163,195.49
389.0,13.173,195.497
393.0,13.178,195.527
397.0,13.183,195.536
401.0,13.191,195.54
405.0,13.194,195.556
409.0,13.193,195.57
413.0,13.201,195.58
417.0,13.208,195.596
421.0,13.217,195.6
425.0,13.222,195.62
429.0,13.225,195.635
433.0,13.23,195.64
437.0,13.236,195.65
441.0,13.239,195.66
445.0,13.247,195.68
449.0,13.257,195.68
453.0,13.255,195.69
457.0,13.269,195.71
461.0,13.269,195.728
465.0,13.277,195.73
469.0,13.278,195.741
473.0,13.284,195.755
477.0,13.294,195.77
481.0,13.296,195.78
485.0,13.303,195.79
489.0,13.304,195.8
493.0,13.309,195.82
497.0,13.315,195.83
501.0,13.322,195.85
505.0,13.326,195.879
509.0,13.333,195.886
513.0,13.339,195.91
517.0,13.339,195.921
521.0,13.346,195.947
525.0,13.354,195.962
529.0,13.362,195.98
533.0,13.365,196.0
537.0,13.372,196.02
541.0,13.369,196.03
545.0,13.373,196.048
549.0,13.382,196.07
553.0,13.387,196.089
557.0,13.393,196.1
561.0,13.543,196.665
565.0,13.725,197.273
569.0,13.892,197.807
573.0,14.049,198.312
577.0,14.211,198.811
581.0,14.37,199.319
585.0,14.531,199.808
589.0,14.691,200.323
593.0,14.863,200.84
597.0,15.033,201.341
601.0,15.208,201.857
605.0,15.384,202.375
609.0,15.556,202.879
613.0,15.715,203.33
617.0,15.874,203.798
621.0,16.058,204.302
625.0,16.252,204.85
629.0,16.483,205.452
633.0,16.773,206.043
637.0,17.104,206.363
641.0,17.439,206.551
645.0,17.774,206.729
649.0,18.118,206.819
653.0,18.456,206.918
657.0,18.79,206.995
661.0,19.125,207.058
665.0,19.458,207.115
669.0,19.786,207.173
673.0,20.122,207.205
677.0,20.465,207.24
681.0,20.803,207.29
685.0,21.134,207.335
689.0,21.464,207.387
693.0,21.797,207.435
697.0,22.143,207.481
701.0,22.47,207.51
705.0,22.807,207.585
709.0,23.135,207.617
713.0,23.469,207.667
717.0,23.8,207.704
721.0,24.133,207.746
725.0,24.464,207.771
729.0,24.793,207.814
733.0,25.132,207.86
737.0,25.459,207.894
741.0,25.791,207.93
745.0,26.121,207.952
749.0,26.448,208.0
753.0,26.772,208.023
757.0,27.097,208.06
761.0,27.432,208.111
765.0,27.752,208.132
769.0,28.074,208.17
773.0,28.395,208.211
777.0,28.72,208.25
781.0,29.049,208.301
785.0,29.359,208.344
789.0,29.682,208.366
793.0,29.997,208.394
797.0,30.312,208.441
801.0,30.625,208.469
805.0,30.949,208.508
809.0,31.252,208.535
813.0,31.565,208.567
817.0,31.879,208.617
821.0,32.188,208.647
825.0,32.497,208.68
829.0,32.803,208.714
833.0,33.11,208.74
837.0,33.413,208.77
841.0,33.716,208.81
845.0,34.022,208.838
849.0,34.319,208.878
853.0,34.62,208.91
857.0,34.92,208.932
861.0,35.224,208.971
865.0,35.514,209.029
869.0,35.81,209.098
873.0,36.106,209.206
877.0,36.4,209.345
881.0,36.691,209.492
885.0,36.982,209.722
889.0,37.272,209.949
893.0,37.562,210.222
897.0,37.854,210.446
901.0,38.142,210.817
905.0,38.43,211.196
909.0,38.719,211.49
913.0,38.996,212.096
917.0,39.277,212.506
921.0,39.567,212.756
925.0,39.847,213.126
929.0,40.13,213.425
933.0,40.413,213.941
937.0,40.696,214.068
941.0,40.979,214.336
945.0,41.269,214.826
949.0,41.543,215.592
953.0,41.825,215.8
957.0,42.112,215.998
961.0,42.393,216.656
965.0,42.679,217.077
969.0,42.964,217.406
973.0,43.248,217.677
977.0,43.529,217.767
981.0,43.808,217.874
985.0,44.097,217.966
989.0,44.379,218.078
993.0,44.668,218.258
997.0,44.942,219.72
1001.0,45.232,220.267
1005.0,45.508,220.669
1009.0,45.788,220.944
1013.0,46.071,221.129
1017.0,46.357,221.287
1021.0,46.64,221.461
1025.0,46.92,221.619
1029.0,47.206,221.792
1033.0,47.485,222.027
1037.0,47.769,222.188
1041.0,48.05,222.433
1045.0,48.332,222.802
1049.0,48.619,223.062
1053.0,48.905,223.319
1057.0,49.178,223.589
1061.0,49.461,223.749
1065.0,49.746,223.955
1069.0,50.03,224.122
1073.0,50.318,224.21
1077.0,50.597,224.408
1081.0,50.877,224.74
1085.0,51.162,225.051
1089.0,51.442,225.214
1093.0,51.727,225.429
1097.0,52.014,225.624
1101.0,52.299,225.677
1105.0,52.583,225.901
1109.0,52.873,226.107
1113.0,53.156,226.312
1117.0,53.445,226.543
1121.0,53.726,226.754
1125.0,54.01,227.352
1129.0,54.297,228.355
1133.0,54.575,229.443
1137.0,54.864,230.031
1141.0,55.15,231.092
1145.0,55.434,232.285
1149.0,55.714,232.751
1153.0,56.003,233.412
1157.0,56.281,233.97
1161.0,56.562,234.76
1165.0,56.85,235.357
1169.0,57.131,235.962
1173.0,57.417,236.521
1177.0,57.697,237.257
1181.0,57.979,238.458
1185.0,58.255,238.325
1189.0,58.534,238.291
1193.0,58.817,238.382
1197.0,59.097,238.484
1201.0,59.376,238.603
1205.0,59.657,238.743
1209.0,59.942,238.838
1213.0,60.221,239.092
1217.0,60.499,239.149
1221.0,60.781,239.253
1225.0,61.061,239.319
1229.0,61.337,239.433
1233.0,61.614,239.448
1237.0,61.9,239.49
1241.0,62.175,239.607
1245.0,62.456,239.723
1249.0,62.735,239.791
1253.0,63.024,239.898
1257.0,63.312,239.968
1261.0,63.592,240.052
1265.0,63.874,240.13
1269.0,64.158,240.146
1273.0,64.44,240.18
1277.0,64.721,240.23
1281.0,65.005,240.274
1285.0,65.284,240.3
1289.0,65.567,240.34
1293.0,65.849,240.37
1297.0,66.133,240.319
1301.0,66.417,240.211
1305.0,66.703,240.084
1309.0,66.988,239.943
1313.0,67.271,239.809
1317.0,67.553,239.672
1321.0,67.835,239.517
1325.0,68.126,239.361
1329.0,68.415,239.234
1333.0,68.699,239.16
1337.0,68.983,239.122
1341.0,69.266,239.1
1345.0,69.556,239.1
1349.0,69.836,239.09
1353.0,70.121,239.09
1357.0,70.405,239.091
1361.0,70.691,239.1
1365.0,70.981,239.11
1369.0,71.261,239.11
1373.0,71.543,239.12
1377.0,71.831,239.13
1381.0,72.114,239.134
1385.0,72.399,239.15
1389.0,72.681,239.16
1393.0,72.97,239.162
1397.0,73.251,239.17
1401.0,73.534,239.237
1405.0,73.824,239.418
1409.0,74.106,239.48
1413.0,74.388,239.51
1417.0,74.669,239.54
1421.0,74.955,239.56
1425.0,75.229,239.57
1429.0,75.52,239.57
1433.0,75.795,239.59
1435.03,75.951,239.6
