MD,P,T
0.0,1.467,127.191
2.0,1.468,127.197
4.0,1.467,127.197
6.0,1.468,127.204
8.0,1.468,127.206
10.0,1.468,127.21
12.0,1.468,127.21
14.0,1.468,127.212
16.0,1.468,127.214
18.0,1.469,127.216
20.0,1.469,127.219
22.0,1.469,127.225
24.0,1.469,127.229
26.0,1.469,127.23
28.0,1.47,127.235
30.0,1.47,127.238
32.0,1.47,127.239
34.0,1.471,127.244
36.0,1.471,127.248
38.0,1.471,127.248
40.0,1.47,127.248
42.0,1.47,127.253
44.0,1.471,127.256
46.0,1.471,127.256
48.0,1.472,127.259
50.0,1.472,127.267
52.0,1.473,127.27
54.0,1.472,127.269
56.0,1.473,127.269
58.0,1.473,127.27
60.0,1.474,127.277
62.0,1.474,127.28
64.0,1.473,127.278
66.0,1.474,127.279
68.0,1.475,127.288
70.0,1.474,127.294
72.0,1.474,127.294
74.0,1.474,127.292
76.0,1.474,127.293
78.0,1.476,127.308
80.0,1.476,127.309
82.0,1.476,127.31
84.0,1.477,127.315
86.0,1.476,127.319
88.0,1.476,127.322
90.0,1.477,127.325
92.0,1.477,127.327
94.0,1.477,127.329
96.0,1.477,127.331
98.0,1.478,127.334
100.0,1.477,127.336
102.0,1.478,127.339
104.0,1.478,127.344
106.0,1.479,127.346
108.0,1.478,127.345
110.0,1.478,127.348
112.0,1.479,127.356
114.0,1.479,127.357
116.0,1.479,127.358
118.0,1.479,127.36
120.0,1.48,127.369
122.0,1.48,127.373
124.0,1.481,127.373
126.0,1.481,127.377
128.0,1.481,127.382
130.0,1.481,127.384
132.0,1.48,127.385
134.0,1.482,127.39
136.0,1.483,127.397
138.0,1.483,127.397
140.0,1.482,127.398
142.0,1.483,127.405
144.0,1.483,127.409
146.0,1.483,127.409
148.0,1.484,127.415
150.0,1.483,127.419
152.0,1.483,127.421
154.0,1.482,127.424
156.0,1.483,127.425
158.0,1.483,127.426
160.0,1.483,127.424
162.0,1.483,127.428
164.0,1.484,127.437
166.0,1.484,127.435
168.0,1.484,127.433
170.0,1.485,127.444
172.0,1.485,127.448
174.0,1.485,127.452
176.0,1.485,127.457
178.0,1.486,127.459
180.0,1.486,127.459
182.0,1.487,127.465
184.0,1.486,127.467
186.0,1.486,127.468
188.0,1.487,127.468
190.0,1.487,127.468
192.0,1.486,127.469
194.0,1.486,127.47
196.0,1.487,127.477
198.0,1.487,127.481
200.0,1.487,127.482
202.0,1.488,127.49
204.0,1.488,127.494
206.0,1.488,127.497
208.0,1.489,127.502
210.0,1.489,127.504
212.0,1.489,127.506
214.0,1.489,127.51
216.0,1.49,127.514
218.0,1.49,127.515
220.0,1.49,127.515
222.0,1.491,127.519
224.0,1.491,127.524
226.0,1.491,127.526
228.0,1.491,127.528
230.0,1.491,127.531
232.0,1.491,127.535
234.0,1.492,127.538
236.0,1.492,127.543
238.0,1.493,127.546
240.0,1.492,127.547
242.0,1.493,127.55
244.0,1.493,127.557
246.0,1.493,127.555
248.0,1.493,127.555
250.0,1.493,127.564
252.0,1.494,127.568
254.0,1.494,127.569
256.0,1.494,127.57
258.0,1.495,127.575
260.0,1.495,127.577
262.0,1.495,127.582
264.0,1.497,127.586
266.0,1.494,127.586
268.0,1.495,127.588
270.0,1.496,127.594
272.0,1.496,127.593
274.0,1.495,127.596
276.0,1.496,127.601
278.0,1.496,127.617
280.0,1.496,127.62
282.0,1.497,127.617
284.0,1.498,127.623
286.0,1.497,127.624
288.0,1.497,127.624
290.0,1.497,127.631
292.0,1.498,127.635
294.0,1.498,127.638
296.0,1.498,127.638
298.0,1.499,127.643
300.0,1.499,127.644
302.0,1.499,127.644
304.0,1.5,127.647
306.0,1.5,127.654
308.0,1.5,127.659
310.0,1.5,127.66
312.0,1.501,127.661
314.0,1.501,127.667
316.0,1.5,127.67
318.0,1.502,127.67
320.0,1.502,127.672
322.0,1.502,127.677
324.0,1.501,127.683
326.0,1.502,127.684
328.0,1.503,127.69
330.0,1.502,127.693
332.0,1.503,127.695
334.0,1.502,127.697
336.0,1.503,127.701
338.0,1.504,127.71
340.0,1.503,127.711
342.0,1.503,127.707
344.0,1.503,127.706
346.0,1.504,127.717
348.0,1.504,127.721
350.0,1.504,127.718
352.0,1.505,127.72
354.0,1.504,127.725
356.0,1.505,127.728
358.0,1.506,127.73
360.0,1.506,127.732
362.0,1.507,127.738
364.0,1.505,127.743
366.0,1.506,127.743
368.0,1.507,127.745
370.0,1.508,127.749
372.0,1.507,127.754
374.0,1.508,127.757
376.0,1.508,127.757
378.0,1.507,127.757
380.0,1.508,127.759
382.0,1.509,127.764
384.0,1.509,127.772
386.0,1.509,127.773
388.0,1.509,127.775
390.0,1.509,127.777
392.0,1.51,127.782
394.0,1.51,127.785
396.0,1.51,127.782
398.0,1.51,127.78
400.0,1.51,127.789
402.0,1.511,127.793
404.0,1.511,127.79
406.0,1.51,127.789
408.0,1.512,127.796
410.0,1.511,127.801
412.0,1.511,127.799
414.0,1.512,127.803
416.0,1.512,127.811
418.0,1.513,127.812
420.0,1.512,127.811
422.0,1.512,127.81
424.0,1.514,127.817
426.0,1.514,127.823
428.0,1.514,127.825
430.0,1.515,127.828
432.0,1.514,127.827
434.0,1.515,127.822
436.0,1.515,127.823
438.0,1.516,127.829
440.0,1.516,127.828
442.0,1.661,128.26
444.0,1.807,128.979
446.0,1.949,130.239
448.0,2.126,131.597
450.0,2.306,133.183
452.0,2.481,135.028
454.0,2.661,136.572
456.0,2.853,138.513
458.0,3.028,140.022
460.0,3.193,141.533
462.0,3.375,143.045
464.0,3.581,144.797
466.0,3.773,146.334
468.0,3.95,147.892
470.0,4.132,149.228
472.0,4.315,150.593
474.0,4.495,151.9
476.0,4.667,153.041
478.0,4.829,154.392
480.0,4.994,155.516
482.0,5.161,156.669
484.0,5.327,157.744
486.0,5.499,158.713
488.0,5.667,159.821
490.0,5.832,160.681
492.0,5.999,161.664
494.0,6.174,162.678
496.0,6.35,163.7
498.0,6.531,164.785
500.0,6.706,165.73
502.0,6.878,166.612
504.0,7.045,167.531
506.0,7.213,168.39
508.0,7.39,169.309
510.0,7.567,170.354
512.0,7.751,171.276
514.0,7.92,172.07
516.0,8.069,172.882
518.0,8.202,173.805
520.0,8.338,174.571
522.0,8.476,175.285
524.0,8.63,176.083
526.0,8.803,176.921
528.0,8.976,177.663
530.0,9.141,178.421
532.0,9.307,179.284
534.0,9.471,179.974
536.0,9.631,180.697
538.0,9.801,181.517
540.0,9.992,182.396
542.0,10.179,183.112
544.0,10.347,183.733
546.0,10.513,184.428
548.0,10.667,185.065
550.0,10.815,185.682
552.0,10.971,186.288
554.0,11.134,187.007
556.0,11.287,187.614
558.0,11.439,188.275
560.0,11.601,188.936
562.0,11.771,189.567
564.0,11.931,190.159
566.0,12.105,190.699
568.0,12.274,191.371
570.0,12.438,191.952
572.0,12.591,192.5
574.0,12.753,193.107
576.0,12.918,193.638
578.0,13.071,194.261
580.0,13.204,194.724
582.0,13.331,195.198
584.0,13.468,195.729
586.0,13.623,196.263
588.0,13.793,196.794
590.0,13.973,197.442
592.0,14.139,197.968
594.0,14.277,198.477
596.0,14.394,198.949
598.0,14.508,199.369
600.0,14.656,199.773
602.0,14.814,200.353
604.0,14.971,200.835
606.0,15.14,201.332
608.0,15.31,201.851
610.0,15.465,202.376
612.0,15.618,202.793
614.0,15.773,203.225
616.0,15.917,203.594
618.0,16.059,204.114
620.0,16.198,204.708
622.0,16.335,204.819
624.0,16.479,204.908
626.0,16.629,204.929
628.0,16.786,204.921
630.0,16.968,204.968
632.0,17.14,205.021
634.0,17.287,205.027
636.0,17.416,205.029
638.0,17.551,205.053
640.0,17.704,205.096
642.0,17.859,205.113
644.0,18.007,205.128
646.0,18.153,205.14
648.0,18.301,205.162
650.0,18.465,205.181
652.0,18.623,205.205
654.0,18.775,205.218
656.0,18.92,205.235
658.0,19.069,205.253
660.0,19.231,205.274
662.0,19.387,205.297
664.0,19.535,205.312
666.0,19.673,205.322
668.0,19.809,205.329
670.0,19.952,205.338
672.0,20.124,205.359
674.0,20.286,205.383
676.0,20.434,205.401
678.0,20.591,205.428
680.0,20.753,205.451
682.0,20.914,205.467
684.0,21.073,205.489
686.0,21.225,205.507
688.0,21.379,205.537
690.0,21.535,205.559
692.0,21.697,205.582
694.0,21.858,205.61
696.0,22.027,205.635
698.0,22.174,205.655
700.0,22.326,205.675
702.0,22.473,205.693
704.0,22.622,205.716
706.0,22.783,205.74
708.0,22.944,205.761
710.0,23.103,205.785
712.0,23.264,205.811
714.0,23.421,205.838
716.0,23.579,205.865
718.0,23.731,205.889
720.0,23.879,205.906
722.0,24.031,205.926
724.0,24.181,205.952
726.0,24.327,205.976
728.0,24.479,205.999
730.0,24.629,206.027
732.0,24.777,206.055
734.0,24.932,206.08
736.0,25.082,206.116
738.0,25.233,206.153
740.0,25.368,206.178
742.0,25.509,206.203
744.0,25.641,206.267
746.0,25.769,206.368
748.0,25.893,206.491
750.0,26.027,206.676
752.0,26.176,206.866
754.0,26.327,206.936
756.0,26.474,207.024
758.0,26.61,207.134
760.0,26.742,207.236
762.0,26.889,207.38
764.0,27.041,207.596
766.0,27.184,207.713
768.0,27.32,207.906
770.0,27.454,208.098
772.0,27.592,208.346
774.0,27.733,208.582
776.0,27.866,208.758
778.0,28.009,209.008
780.0,28.157,209.308
782.0,28.292,209.631
784.0,28.427,209.857
786.0,28.558,210.075
788.0,28.69,210.236
790.0,28.809,210.354
792.0,28.949,210.538
794.0,29.085,210.73
796.0,29.218,210.858
798.0,29.361,211.056
800.0,29.505,211.145
802.0,29.643,211.343
804.0,29.785,211.582
806.0,29.922,211.84
808.0,30.063,212.074
810.0,30.2,212.229
812.0,30.333,212.396
814.0,30.474,212.586
816.0,30.617,212.824
818.0,30.757,213.009
820.0,30.89,213.14
822.0,31.017,213.245
824.0,31.154,213.451
826.0,31.295,213.659
828.0,31.435,213.932
830.0,31.574,214.136
832.0,31.693,214.282
834.0,31.813,214.421
836.0,31.941,214.64
838.0,32.081,214.868
840.0,32.22,215.18
842.0,32.36,215.401
844.0,32.496,215.601
846.0,32.627,215.788
848.0,32.756,215.99
850.0,32.889,216.222
852.0,33.021,216.503
854.0,33.155,216.732
856.0,33.287,216.905
858.0,33.421,217.138
860.0,33.558,217.356
862.0,33.703,217.617
864.0,33.84,217.784
866.0,33.982,217.98
868.0,34.122,218.199
870.0,34.257,218.425
872.0,34.385,218.632
874.0,34.517,218.874
876.0,34.65,219.088
878.0,34.783,219.279
880.0,34.917,219.464
882.0,35.061,219.615
884.0,35.203,219.794
886.0,35.343,219.984
888.0,35.479,220.168
890.0,35.608,220.365
892.0,35.737,220.601
894.0,35.871,220.878
896.0,36.008,221.154
898.0,36.14,221.369
900.0,36.272,221.571
902.0,36.406,221.787
904.0,36.538,222.002
906.0,36.665,222.212
908.0,36.788,222.437
910.0,36.918,222.591
912.0,37.055,222.728
914.0,37.193,222.93
916.0,37.328,223.111
918.0,37.464,223.277
920.0,37.597,223.433
922.0,37.732,223.579
924.0,37.863,223.744
926.0,37.991,223.94
928.0,38.125,224.123
930.0,38.261,224.236
932.0,38.396,224.332
934.0,38.532,224.44
936.0,38.666,224.542
938.0,38.797,224.638
940.0,38.932,224.744
942.0,39.07,224.852
944.0,39.206,224.956
946.0,39.345,225.074
948.0,39.473,225.17
950.0,39.576,225.254
952.0,39.665,225.327
954.0,39.77,225.4
956.0,39.907,225.496
958.0,40.042,225.581
960.0,40.176,225.662
962.0,40.316,225.779
964.0,40.456,225.893
966.0,40.592,225.981
968.0,40.726,226.057
970.0,40.864,226.135
972.0,40.997,226.24
974.0,41.134,226.355
976.0,41.266,226.465
978.0,41.399,226.546
980.0,41.534,226.641
982.0,41.673,226.737
984.0,41.814,226.864
986.0,41.949,226.971
988.0,42.086,227.056
990.0,42.228,227.16
992.0,42.371,227.246
994.0,42.505,227.347
996.0,42.638,227.43
998.0,42.774,227.529
1000.0,42.911,227.629
1002.0,43.046,227.731
1004.0,43.183,227.854
1006.0,43.317,227.999
1008.0,43.454,228.148
1010.0,43.592,228.273
1012.0,43.732,228.383
1014.0,43.872,228.569
1016.0,44.013,228.739
1018.0,44.155,228.917
1020.0,44.297,229.07
1022.0,44.438,229.224
1024.0,44.577,229.382
1026.0,44.713,229.516
1028.0,44.844,229.661
1030.0,44.976,229.779
1032.0,45.115,229.893
1034.0,45.256,230.079
1036.0,45.392,230.242
1038.0,45.529,230.401
1040.0,45.677,230.592
1042.0,45.821,230.77
1044.0,45.954,230.914
1046.0,46.088,231.044
1048.0,46.222,231.173
1050.0,46.36,231.305
1052.0,46.49,231.461
1054.0,46.599,231.591
1056.0,46.694,231.7
1058.0,46.781,231.797
1060.0,46.892,231.919
1062.0,47.026,232.113
1064.0,47.159,232.299
1066.0,47.292,232.447
1068.0,47.422,232.586
1070.0,47.553,232.734
1072.0,47.686,232.844
1074.0,47.815,232.981
1076.0,47.952,233.128
1078.0,48.089,233.306
1080.0,48.227,233.427
1082.0,48.357,233.559
1084.0,48.495,233.734
1086.0,48.633,233.93
1088.0,48.768,234.094
1090.0,48.903,234.217
1092.0,49.033,234.33
1094.0,49.166,234.404
1096.0,49.308,234.503
1098.0,49.445,234.573
1100.0,49.57,234.676
1102.0,49.704,234.731
1104.0,49.841,234.791
1106.0,49.976,234.853
1108.0,50.105,234.923
1110.0,50.232,235.047
1112.0,50.366,235.117
1114.0,50.499,235.167
1116.0,50.629,235.216
1118.0,50.76,235.278
1120.0,50.895,235.346
1122.0,51.028,235.411
1124.0,51.167,235.489
1126.0,51.301,235.578
1128.0,51.428,235.673
1130.0,51.556,235.797
1132.0,51.689,235.898
1134.0,51.824,236.002
1136.0,51.96,236.088
1138.0,52.099,236.179
1140.0,52.233,236.259
1142.0,52.361,236.318
1144.0,52.495,236.38
1146.0,52.627,236.443
1148.0,52.768,236.52
1150.0,52.905,236.651
1152.0,53.034,236.754
1154.0,53.162,236.853
1156.0,53.294,236.94
1158.0,53.434,237.081
1160.0,53.565,237.234
1162.0,53.694,237.424
1164.0,53.826,237.528
1166.0,53.96,237.659
1168.0,54.091,237.806
1170.0,54.232,237.91
1172.0,54.371,237.993
1174.0,54.51,238.112
1176.0,54.648,238.227
1178.0,54.789,238.33
1180.0,54.923,238.429
1182.0,55.046,238.555
1184.0,55.166,238.739
1186.0,55.289,238.909
1188.0,55.415,239.07
1190.0,55.552,239.255
1192.0,55.687,239.421
1194.0,55.819,239.604
1196.0,55.958,239.765
1198.0,56.096,239.956
1200.0,56.222,240.139
1202.0,56.354,240.263
1204.0,56.487,240.36
1206.0,56.621,240.483
1208.0,56.752,240.653
1210.0,56.89,240.822
1212.0,57.023,240.97
1214.0,57.155,241.073
1216.0,57.282,241.155
1218.0,57.412,241.265
1220.0,57.539,241.406
1222.0,57.668,241.592
1224.0,57.797,241.734
1226.0,57.928,241.865
1228.0,58.073,241.999
1230.0,58.221,242.155
1232.0,58.353,242.309
1234.0,58.464,242.416
1236.0,58.579,242.502
1238.0,58.704,242.588
1240.0,58.833,242.701
1242.0,58.96,242.855
1244.0,59.087,243.002
1246.0,59.214,243.087
1248.0,59.338,243.236
1250.0,59.461,243.376
1252.0,59.587,243.583
1254.0,59.716,243.85
1256.0,59.847,244.03
1258.0,59.976,244.13
1260.0,60.106,244.297
1262.0,60.234,244.475
1264.0,60.364,244.592
1266.0,60.494,244.756
1268.0,60.627,244.936
1270.0,60.758,245.053
1272.0,60.885,245.19
1274.0,61.014,245.356
1276.0,61.148,245.545
1278.0,61.281,245.659
1280.0,61.405,245.759
1282.0,61.535,245.868
1284.0,61.669,246.031
1286.0,61.797,246.183
1288.0,61.925,246.354
1290.0,62.054,246.461
1292.0,62.183,246.573
1294.0,62.322,246.667
1296.0,62.461,246.766
1298.0,62.595,246.889
1300.0,62.729,246.993
1302.0,62.862,247.056
1304.0,62.997,247.116
1306.0,63.129,247.202
1308.0,63.26,247.294
1310.0,63.388,247.417
1312.0,63.516,247.533
1314.0,63.647,247.578
1316.0,63.785,247.66
1318.0,63.92,247.77
1320.0,64.053,247.875
1322.0,64.184,247.974
1324.0,64.312,248.056
1326.0,64.441,248.136
1328.0,64.577,248.238
1330.0,64.714,248.337
1332.0,64.851,248.451
1334.0,64.981,248.546
1336.0,65.11,248.624
1338.0,65.237,248.712
1340.0,65.368,248.81
1342.0,65.491,248.917
1344.0,65.619,249.052
1346.0,65.747,249.14
1348.0,65.881,249.219
1350.0,66.014,249.313
1352.0,66.148,249.399
1354.0,66.283,249.492
1356.0,66.422,249.572
1358.0,66.556,249.64
1360.0,66.678,249.687
1362.0,66.787,249.745
1364.0,66.9,249.813
1366.0,67.024,249.893
1368.0,67.151,249.998
1370.0,67.277,250.053
1372.0,67.407,250.106
1374.0,67.538,250.179
1376.0,67.673,250.265
1378.0,67.81,250.388
1380.0,67.944,250.466
1382.0,68.073,250.521
1384.0,68.201,250.607
1386.0,68.329,250.669
1388.0,68.456,250.753
1390.0,68.577,250.838
1392.0,68.699,250.911
1394.0,68.824,250.999
1396.0,68.951,251.079
1398.0,69.076,251.158
1400.0,69.207,251.242
1402.0,69.34,251.308
1404.0,69.471,251.378
1406.0,69.597,251.445
1408.0,69.722,251.496
1410.0,69.847,251.555
1412.0,69.975,251.608
1414.0,70.108,251.654
1416.0,70.238,251.7
1418.0,70.373,251.747
1420.0,70.508,251.803
1422.0,70.635,251.876
1424.0,70.759,251.934
1426.0,70.885,251.984
1428.0,71.017,252.027
1430.0,71.145,252.069
1432.0,71.268,252.118
1434.0,71.397,252.176
1436.0,71.525,252.234
1438.0,71.653,252.27
1440.0,71.781,252.317
1442.0,71.909,252.372
1444.0,72.034,252.441
1446.0,72.162,252.509
1448.0,72.286,252.548
1450.0,72.409,252.624
1452.0,72.539,252.844
1454.0,72.676,252.953
1456.0,72.809,253.024
1458.0,72.942,253.075
1460.0,73.074,253.134
1462.0,73.196,253.212
1464.0,73.313,253.251
1466.0,73.441,253.295
1468.0,73.569,253.396
1470.0,73.697,253.528
1472.0,73.828,253.619
1474.0,73.965,253.69
1476.0,74.099,253.727
1478.0,74.23,253.769
1480.0,74.363,253.8
1482.0,74.495,253.826
1484.0,74.628,253.874
1486.0,74.762,253.907
1488.0,74.894,253.95
1490.0,75.024,254.068
1492.0,75.157,254.14
1494.0,75.294,254.186
1496.0,75.434,254.228
1498.0,75.569,254.253
1500.0,75.703,254.277
1502.0,75.833,254.297
1504.0,75.963,254.311
1506.0,76.092,254.337
1508.0,76.221,254.365
1510.0,76.348,254.383
1512.0,76.484,254.403
1514.0,76.626,254.424
1516.0,76.775,254.445
1518.0,76.919,254.468
1520.0,77.059,254.491
1522.0,77.193,254.514
1524.0,77.324,254.551
1526.0,77.462,254.585
1528.0,77.601,254.616
1530.0,77.737,254.641
1532.0,77.876,254.658
1534.0,78.016,254.67
1536.0,78.154,254.681
1538.0,78.289,254.689
1540.0,78.422,254.698
1542.0,78.55,254.707
1544.0,78.681,254.716
1546.0,78.797,254.725
1548.0,78.909,254.731
1550.0,79.025,254.737
1552.0,79.154,254.746
1554.0,79.288,254.755
1556.0,79.419,254.764
1558.0,79.55,254.772
1560.0,79.676,254.782
1562.0,79.799,254.787
1564.0,79.924,254.793
1566.0,80.059,254.8
1568.0,80.192,254.806
1570.0,80.321,254.811
1572.0,80.488,254.824
1574.0,80.689,254.856
1576.0,80.723,254.886
1578.0,80.696,254.899
1580.69,80.6279,254.949
