MD,P,T
0.0,0.587,36.581
1.0,0.587,36.81
3.0,0.587,37.974
5.0,0.587,42.129
7.0,0.587,44.938
9.0,0.586,48.842
11.0,0.586,49.575
13.0,0.586,50.554
15.0,0.586,51.553
17.0,0.586,52.228
19.0,0.586,52.658
21.0,0.586,53.113
23.0,0.586,53.584
25.0,0.586,54.206
27.0,0.587,55.114
29.0,0.587,55.958
31.0,0.586,56.963
33.0,0.586,57.866
35.0,0.586,59.718
37.0,0.586,61.74
39.0,0.586,64.714
41.0,0.586,67.215
43.0,0.586,69.413
45.0,0.586,72.022
47.0,0.586,74.815
49.0,0.586,76.857
51.0,0.586,78.537
53.0,0.586,80.393
55.0,0.587,82.557
57.0,0.586,83.732
59.0,0.586,85.274
61.0,0.586,87.345
63.0,0.586,90.103
65.0,0.586,93.404
67.0,0.586,97.275
69.0,0.585,97.899
71.0,0.586,99.523
73.0,0.587,100.188
75.0,0.587,100.221
77.0,0.587,100.069
79.0,0.587,99.033
81.0,0.588,99.42
83.0,0.588,99.06
85.0,0.589,99.942
87.0,0.588,100.609
89.0,0.589,101.201
91.0,0.589,101.471
93.0,0.589,101.872
95.0,0.588,101.928
97.0,0.589,101.934
99.0,0.589,101.838
101.0,0.59,101.904
103.0,0.59,102.373
105.0,0.59,102.743
107.0,0.59,102.883
109.0,0.59,102.707
111.0,0.59,102.885
113.0,0.59,103.172
115.0,0.59,103.329
117.0,0.59,103.445
119.0,0.591,103.822
121.0,0.591,103.775
123.0,0.59,103.401
125.0,0.592,103.141
127.0,0.592,103.165
129.0,0.592,103.129
131.0,0.592,102.984
133.0,0.592,102.815
135.0,0.592,102.701
137.0,0.592,102.637
139.0,0.592,102.583
141.0,0.593,102.547
143.0,0.593,102.522
145.0,0.593,102.51
147.0,0.593,102.496
149.0,0.594,102.495
151.0,0.594,102.488
153.0,0.594,102.483
155.0,0.594,102.479
157.0,0.594,102.478
159.0,0.594,102.468
161.0,0.595,102.452
163.0,0.595,102.424
165.0,0.595,102.399
167.0,0.595,102.372
169.0,0.595,102.349
171.0,0.595,102.329
173.0,0.596,102.315
175.0,0.596,102.307
177.0,0.596,102.297
179.0,0.596,102.287
181.0,0.596,102.274
183.0,0.6,102.503
185.0,0.7,104.057
187.0,0.799,104.522
189.0,1.136,104.945
191.0,1.316,105.173
193.0,1.494,105.397
195.0,1.679,105.637
197.0,1.87,105.918
199.0,2.062,106.23
201.0,2.244,106.503
203.0,2.417,106.793
205.0,2.604,107.059
207.0,2.8,107.337
209.0,2.992,107.588
211.0,3.19,107.875
213.0,3.391,108.166
215.0,3.582,108.458
217.0,3.769,108.765
219.0,3.95,109.073
221.0,4.128,109.371
223.0,4.314,109.705
225.0,4.499,110.051
227.0,4.692,110.469
229.0,4.863,110.889
231.0,4.985,111.215
233.0,5.13,111.552
235.0,5.315,112.033
237.0,5.537,112.611
239.0,5.787,113.3
241.0,5.973,113.79
243.0,6.151,114.341
245.0,6.33,114.951
247.0,6.521,115.531
249.0,6.72,116.145
251.0,6.916,116.797
253.0,7.11,117.484
255.0,7.301,118.128
257.0,7.491,118.682
259.0,7.685,119.072
261.0,7.886,119.002
263.0,8.096,117.933
265.0,8.31,117.367
267.0,8.505,117.213
269.0,8.706,117.25
271.0,8.897,117.386
273.0,9.096,117.584
275.0,9.282,117.71
277.0,9.482,117.791
279.0,9.672,117.887
281.0,9.866,118.008
283.0,10.062,118.179
285.0,10.231,118.345
287.0,10.375,118.508
289.0,10.504,118.668
291.0,10.629,118.83
293.0,10.768,119.024
295.0,10.938,119.255
297.0,11.128,119.529
299.0,11.32,119.821
301.0,11.505,120.085
303.0,11.692,120.375
305.0,11.881,120.663
307.0,12.065,120.963
309.0,12.25,121.219
311.0,12.438,121.555
313.0,12.628,121.892
315.0,12.818,122.212
317.0,13.01,122.549
319.0,13.202,122.878
321.0,13.39,123.231
323.0,13.575,123.559
325.0,13.76,123.858
327.0,13.943,124.175
329.0,14.134,124.499
331.0,14.329,124.809
333.0,14.518,125.091
335.0,14.707,125.465
337.0,14.9,125.862
339.0,15.07,126.283
341.0,15.229,126.677
343.0,15.388,127.126
345.0,15.552,127.542
347.0,15.73,128.013
349.0,15.914,128.55
351.0,16.088,129.038
353.0,16.26,129.587
355.0,16.442,130.133
357.0,16.637,130.67
359.0,16.829,131.209
361.0,17.017,131.818
363.0,17.21,132.447
365.0,17.408,133.004
367.0,17.603,133.568
369.0,17.78,134.138
371.0,17.917,134.585
373.0,18.057,134.971
375.0,18.221,135.426
377.0,18.406,135.885
379.0,18.578,136.313
381.0,18.768,136.759
383.0,18.941,137.159
385.0,19.133,137.581
387.0,19.322,138.028
389.0,19.516,138.428
391.0,19.702,138.891
393.0,19.882,139.342
395.0,20.063,139.763
397.0,20.247,140.222
399.0,20.434,140.735
401.0,20.612,141.23
403.0,20.763,141.647
405.0,20.906,141.974
407.0,21.091,142.561
409.0,21.269,143.073
411.0,21.453,143.536
413.0,21.645,144.075
415.0,21.82,144.497
417.0,21.998,144.99
419.0,22.172,145.437
421.0,22.36,145.894
423.0,22.539,146.375
425.0,22.73,146.842
427.0,22.913,147.295
429.0,23.102,147.712
431.0,23.285,148.13
433.0,23.47,148.516
435.0,23.657,148.931
437.0,23.842,149.389
439.0,24.022,149.78
441.0,24.206,150.131
443.0,24.394,150.492
445.0,24.578,150.85
447.0,24.759,151.196
449.0,24.935,151.517
451.0,25.108,151.842
453.0,25.287,152.164
455.0,25.47,152.472
457.0,25.641,152.76
459.0,25.798,153.033
461.0,25.963,153.308
463.0,26.143,153.569
465.0,26.326,153.836
467.0,26.511,154.083
469.0,26.696,154.308
471.0,26.883,154.562
473.0,27.068,154.803
475.0,27.247,155.031
477.0,27.422,155.239
479.0,27.599,155.439
481.0,27.772,155.658
483.0,27.949,155.877
485.0,28.124,156.072
487.0,28.302,156.261
489.0,28.482,156.464
491.0,28.646,156.624
493.0,28.787,156.766
495.0,28.927,156.902
497.0,29.092,157.074
499.0,29.264,157.212
501.0,29.451,157.351
503.0,29.633,157.504
505.0,29.816,157.632
507.0,29.996,157.749
509.0,30.173,157.871
511.0,30.345,157.98
513.0,30.523,158.115
515.0,30.706,158.237
517.0,30.881,158.351
519.0,31.051,158.47
521.0,31.218,158.557
523.0,31.393,158.642
525.0,31.571,158.717
527.0,31.746,158.787
529.0,31.918,158.859
531.0,32.088,158.925
533.0,32.254,158.985
535.0,32.427,159.015
537.0,32.604,158.946
539.0,32.773,158.761
541.0,32.952,158.618
543.0,33.139,158.544
545.0,33.294,158.456
547.0,33.442,158.258
549.0,33.606,158.054
551.0,33.782,157.974
553.0,33.959,157.953
555.0,34.133,157.967
557.0,34.305,158.004
559.0,34.473,158.045
561.0,34.64,158.09
563.0,34.812,158.129
565.0,34.992,158.16
567.0,35.164,158.159
569.0,35.299,158.131
571.0,35.424,158.128
573.0,35.584,158.148
575.0,35.763,158.197
577.0,35.93,158.255
579.0,36.107,158.318
581.0,36.279,158.373
583.0,36.452,158.433
585.0,36.619,158.496
587.0,36.79,158.565
589.0,36.968,158.638
591.0,37.137,158.713
593.0,37.312,158.787
595.0,37.489,158.862
597.0,37.656,158.939
599.0,37.822,159.026
601.0,37.995,159.118
603.0,38.159,159.2
605.0,38.325,159.295
607.0,38.504,159.378
609.0,38.68,159.464
611.0,38.849,159.554
613.0,39.017,159.633
615.0,39.191,159.717
617.0,39.348,159.799
619.0,39.493,159.825
621.0,39.648,159.834
623.0,39.814,159.852
625.0,39.978,159.88
627.0,40.16,159.911
629.0,40.323,159.948
631.0,40.481,159.993
633.0,40.647,160.033
635.0,40.816,160.09
637.0,40.98,160.148
639.0,41.147,160.214
641.0,41.322,160.281
643.0,41.489,160.351
645.0,41.653,160.433
647.0,41.812,160.529
649.0,41.976,160.623
651.0,42.151,160.731
653.0,42.32,160.833
655.0,42.487,160.956
657.0,42.659,161.045
659.0,42.822,161.162
661.0,42.982,161.289
663.0,43.148,161.39
665.0,43.313,161.519
667.0,43.482,161.62
669.0,43.65,161.747
671.0,43.819,161.893
673.0,43.973,162.017
675.0,44.107,162.107
677.0,44.243,162.251
679.0,44.403,162.403
681.0,44.58,162.557
683.0,44.743,162.693
685.0,44.907,162.827
687.0,45.07,162.982
689.0,45.233,163.109
691.0,45.385,163.26
693.0,45.547,163.392
695.0,45.716,163.535
697.0,45.87,163.66
699.0,46.027,163.788
701.0,46.199,163.925
703.0,46.359,164.065
705.0,46.517,164.19
707.0,46.68,164.331
709.0,46.843,164.487
711.0,47.007,164.626
713.0,47.156,164.751
715.0,47.306,164.904
717.0,47.47,165.088
719.0,47.635,165.268
721.0,47.792,165.433
723.0,47.947,165.605
725.0,48.105,165.834
727.0,48.259,166.012
729.0,48.418,166.264
731.0,48.57,166.472
733.0,48.73,166.646
735.0,48.891,166.86
737.0,49.049,167.121
739.0,49.209,167.358
741.0,49.362,167.596
743.0,49.512,167.89
745.0,49.672,168.23
747.0,49.833,168.52
749.0,49.99,168.864
751.0,50.147,169.175
753.0,50.304,169.417
755.0,50.458,169.749
757.0,50.614,170.131
759.0,50.768,170.539
761.0,50.936,171.056
763.0,51.092,171.137
765.0,51.212,171.168
767.0,51.311,171.2
769.0,51.451,171.222
771.0,51.61,171.248
773.0,51.779,171.272
775.0,51.935,171.288
777.0,52.095,171.302
779.0,52.249,171.318
781.0,52.402,171.331
783.0,52.559,171.343
785.0,52.711,171.352
787.0,52.872,171.362
789.0,53.02,171.371
791.0,53.172,171.384
793.0,53.331,171.395
795.0,53.481,171.406
797.0,53.648,171.413
799.0,53.806,171.424
801.0,53.957,171.436
803.0,54.111,171.449
805.0,54.262,171.459
807.0,54.426,171.473
809.0,54.581,171.487
811.0,54.735,171.5
813.0,54.892,171.515
815.0,55.041,171.526
817.0,55.198,171.537
819.0,55.358,171.548
821.0,55.511,171.558
823.0,55.666,171.568
825.0,55.821,171.58
827.0,55.973,171.592
829.0,56.132,171.605
831.0,56.277,171.618
833.0,56.414,171.63
835.0,56.565,171.641
837.0,56.724,171.653
839.0,56.883,171.664
841.0,57.039,171.677
843.0,57.19,171.69
845.0,57.345,171.7
847.0,57.503,171.71
849.0,57.659,171.723
851.0,57.814,171.736
853.0,57.97,171.748
855.0,58.124,171.757
857.0,58.28,171.764
859.0,58.442,171.773
861.0,58.608,171.782
863.0,58.764,171.793
865.0,58.903,171.802
867.0,59.041,171.81
869.0,59.187,171.819
871.0,59.337,171.827
873.0,59.496,171.836
875.0,59.669,171.844
877.0,59.828,171.853
879.0,59.973,171.858
881.0,60.125,171.865
883.0,60.282,171.872
885.0,60.435,171.882
887.0,60.588,171.896
889.0,60.741,171.915
891.0,60.889,171.938
893.0,61.039,171.966
895.0,61.195,171.984
897.0,61.346,172.002
899.0,61.49,172.021
901.0,61.635,172.043
903.0,61.793,172.062
905.0,61.949,172.076
907.0,62.103,172.087
909.0,62.255,172.093
911.0,62.41,172.099
913.0,62.569,172.116
915.0,62.723,172.302
917.0,62.868,172.457
919.0,63.012,172.517
921.0,63.16,172.55
923.0,63.315,172.554
925.0,63.473,172.411
927.0,63.625,171.849
929.0,63.755,170.864
931.0,63.882,169.53
933.0,64.031,167.751
935.0,64.186,164.995
937.0,64.341,161.296
939.0,64.504,157.235
941.0,64.686,152.067
943.0,64.869,146.683
945.0,65.042,142.167
947.0,65.187,139.751
949.0,65.313,138.232
951.0,65.455,136.913
953.0,65.611,135.415
955.0,65.766,134.202
957.0,65.943,132.192
959.0,66.111,130.802
961.0,66.272,129.677
963.0,66.433,128.545
965.0,66.596,127.953
967.0,66.764,127.743
969.0,66.926,127.674
971.0,67.091,127.402
973.0,67.258,126.915
975.0,67.419,126.436
977.0,67.577,125.925
979.0,67.74,125.372
981.0,67.904,125.106
983.0,68.065,125.047
985.0,68.222,125.054
987.0,68.385,125.05
989.0,68.543,125.047
991.0,68.69,125.046
993.0,68.839,125.048
995.0,68.982,125.051
997.0,69.129,125.047
999.0,69.291,125.028
1001.0,69.449,124.122
1003.0,69.611,123.458
1005.0,69.783,121.112
1007.0,69.945,119.135
1009.0,70.102,118.102
1011.0,70.261,117.053
1013.0,70.417,116.36
1015.0,70.58,115.818
1017.0,70.738,115.543
1019.0,70.898,115.349
1021.0,71.052,115.192
1023.0,71.208,115.061
1025.0,71.374,114.91
1027.0,71.537,114.759
1029.0,71.695,114.567
1031.0,71.855,114.466
1033.0,72.026,114.234
1035.0,72.187,114.069
1037.0,72.356,113.969
1039.0,72.53,113.912
1041.0,72.689,113.873
1043.0,72.847,113.852
1045.0,73.001,113.828
1047.0,73.144,113.812
1049.0,73.301,113.77
1051.0,73.46,113.713
1053.0,73.62,113.682
1055.0,73.777,113.655
1057.0,73.937,113.633
1059.0,74.098,113.617
1061.0,74.26,113.599
1063.0,74.419,113.539
1065.0,74.579,113.471
1067.0,74.742,113.387
1069.0,74.894,113.202
1071.0,75.047,112.789
1073.0,75.208,112.321
1075.0,75.373,112.13
1077.0,75.542,111.906
1079.0,75.701,111.514
1081.0,75.855,111.285
1083.0,76.022,111.152
1085.0,76.189,111.096
1087.0,76.341,111.05
1089.0,76.498,110.935
1091.0,76.666,110.785
1093.0,76.821,110.673
1095.0,76.979,110.616
1097.0,77.14,110.55
1099.0,77.302,110.482
1101.0,77.464,110.312
1103.0,77.621,110.171
1105.0,77.774,110.106
1107.0,77.935,110.111
1109.0,78.1,110.115
1111.0,78.264,110.11
1113.0,78.424,110.105
1115.0,78.558,110.102
1117.0,78.706,110.098
1119.0,78.865,110.091
1121.0,79.025,110.09
1123.0,79.181,110.085
1125.0,79.339,110.084
1127.0,79.495,110.084
1129.0,79.657,110.084
1131.0,79.825,110.083
1133.0,79.993,110.076
1135.0,80.157,110.074
1137.0,80.306,110.069
1139.0,80.466,110.066
1141.0,80.628,110.06
1143.0,80.784,110.056
1145.0,80.945,110.049
1147.0,81.108,110.049
1149.0,81.277,110.05
1151.0,81.433,110.051
1153.0,81.59,110.051
1155.0,81.758,110.049
1157.0,81.915,110.045
1159.0,82.069,110.043
1161.0,82.227,110.043
1163.0,82.396,110.043
1165.0,82.555,110.042
1167.0,82.718,110.041
1169.0,82.877,110.038
1171.0,83.036,110.036
1173.0,83.19,110.036
1175.0,83.334,110.035
1177.0,83.49,110.035
1179.0,83.652,110.036
1181.0,83.808,110.036
1183.0,83.967,110.037
1185.0,84.127,110.038
1187.0,84.288,110.039
1189.0,84.456,110.044
1191.0,84.614,110.052
1193.0,84.777,110.06
1195.0,84.944,110.068
1197.0,85.104,110.075
1199.0,85.267,110.079
1201.0,85.431,110.083
1203.0,85.593,110.086
1205.0,85.744,110.091
1207.0,85.898,110.096
1209.0,86.053,110.099
1211.0,86.217,110.103
1213.0,86.378,110.105
1215.0,86.537,110.108
1217.0,86.698,110.111
1219.0,86.858,110.113
1221.0,87.011,110.116
1223.0,87.173,110.119
1225.0,87.34,110.122
1227.0,87.509,110.125
1229.0,87.679,110.128
1231.0,87.849,110.131
1233.0,88.022,110.133
1235.0,88.185,110.135
1237.0,88.331,110.137
1239.0,88.477,110.14
1241.0,88.648,110.142
1243.0,88.812,110.143
1245.0,88.97,110.144
1247.0,89.114,110.145
1249.0,89.259,110.146
1251.0,89.421,110.148
1253.0,89.585,110.151
1255.0,89.755,110.152
1257.0,89.921,110.155
1259.0,90.084,110.158
1261.0,90.249,110.163
1263.0,90.414,110.178
1265.0,90.58,110.202
1267.0,90.746,110.222
1269.0,90.906,110.245
1271.0,91.068,110.278
1273.0,91.228,110.32
1275.0,91.386,110.381
1277.0,91.558,110.434
1279.0,91.727,110.473
1281.0,91.886,110.529
1283.0,92.049,110.6
1285.0,92.216,110.663
1287.0,92.378,110.723
1289.0,92.548,110.782
1291.0,92.713,110.82
1293.0,92.871,110.86
1295.0,93.032,110.9
1297.0,93.195,110.942
1299.0,93.358,110.983
1301.0,93.521,111.011
1303.0,93.686,111.036
1305.0,93.852,111.07
1307.0,94.017,111.102
1309.0,94.182,111.135
1311.0,94.348,111.17
1313.0,94.514,111.198
1315.0,94.675,111.233
1317.0,94.84,111.266
1319.0,95.007,111.298
1321.0,95.173,111.332
1323.0,95.34,111.358
1325.0,95.508,111.382
1327.0,95.671,111.402
1329.0,95.815,111.427
1331.0,95.963,111.455
1333.0,96.124,111.485
1335.0,96.289,111.51
1337.0,96.451,111.537
1339.0,96.61,111.567
1341.0,96.774,111.596
1343.0,96.943,111.624
1345.0,97.109,111.647
1347.0,97.273,111.673
1349.0,97.441,111.702
1351.0,97.608,111.735
1353.0,97.771,111.766
1355.0,97.926,111.801
1357.0,98.078,111.824
1359.0,98.234,111.854
1361.0,98.4,111.879
1363.0,98.565,111.91
1365.0,98.736,111.943
1367.0,98.899,111.982
1369.0,99.061,112.015
1371.0,99.228,112.055
1373.0,99.393,112.096
1375.0,99.557,112.193
1377.0,99.723,112.267
1379.0,99.881,112.316
1381.0,100.044,112.374
1383.0,100.207,112.455
1385.0,100.359,112.535
1387.0,100.514,112.651
1389.0,100.681,112.746
1391.0,100.854,112.822
1393.0,101.018,112.897
1395.0,101.182,112.973
1397.0,101.347,113.07
1399.0,101.518,113.164
1401.0,101.686,113.25
1403.0,101.847,113.343
1405.0,102.004,113.472
1407.0,102.166,113.605
1409.0,102.332,113.774
1411.0,102.486,113.95
1413.0,102.633,114.153
1415.0,102.787,114.309
1417.0,102.949,114.534
1419.0,103.112,114.728
1421.0,103.273,114.885
1423.0,103.438,115.076
1425.0,103.605,115.218
1427.0,103.768,115.317
1429.0,103.936,115.422
1431.0,104.104,115.563
1433.0,104.265,115.691
1435.0,104.431,115.845
1437.0,104.599,115.999
1439.0,104.754,116.122
1441.0,104.918,116.236
1443.0,105.086,116.453
1445.0,105.257,116.703
1447.0,105.415,116.934
1449.0,105.564,117.348
1451.0,105.719,117.848
1453.0,105.879,118.471
1455.0,106.039,118.945
1457.0,106.201,119.326
1459.0,106.368,119.919
1461.0,106.529,120.371
1463.0,106.689,120.676
1465.0,106.849,121.12
1467.0,107.01,121.552
1469.0,107.175,121.968
1471.0,107.337,122.595
1473.0,107.498,123.141
1475.0,107.66,123.693
1477.0,107.818,124.259
1479.0,107.977,124.88
1481.0,108.143,125.368
1483.0,108.305,126.068
1485.0,108.461,126.681
1487.0,108.627,127.276
1489.0,108.792,127.869
1491.0,108.951,128.352
1493.0,109.11,128.857
1495.0,109.267,129.595
1497.0,109.425,130.313
1499.0,109.585,130.872
1501.0,109.745,131.372
1503.0,109.904,131.767
1505.0,110.062,132.06
1507.0,110.225,132.395
1509.0,110.385,132.714
1511.0,110.542,133.164
1513.0,110.704,133.486
1515.0,110.862,133.668
1517.0,111.018,133.841
1519.0,111.18,134.044
1521.0,111.345,134.32
1523.0,111.508,134.617
1525.0,111.665,134.909
1527.0,111.822,135.302
1529.0,111.984,135.738
1531.0,112.145,136.262
1533.0,112.304,136.661
1535.0,112.464,136.938
1537.0,112.626,137.182
1539.0,112.79,137.663
1541.0,112.949,138.213
1543.0,113.111,138.775
1545.0,113.276,139.401
1547.0,113.434,139.76
1549.0,113.595,140.244
1551.0,113.757,140.722
1553.0,113.916,141.228
1555.0,114.076,141.623
1557.0,114.237,141.954
1559.0,114.396,142.249
1561.0,114.558,142.573
1563.0,114.716,142.862
1565.0,114.877,143.087
1567.0,115.037,143.387
1569.0,115.199,143.672
1571.0,115.358,143.984
1573.0,115.52,144.436
1575.0,115.677,144.821
1577.0,115.835,145.332
1579.0,115.993,145.798
1581.0,116.157,146.182
1583.0,116.315,146.514
1585.0,116.472,146.927
1587.0,116.632,147.299
1589.0,116.787,147.665
1591.0,116.95,148.01
1593.0,117.109,148.348
1595.0,117.263,148.7
1597.0,117.422,149.028
1599.0,117.573,149.379
1601.0,117.721,149.763
1603.0,117.881,150.04
1605.0,118.043,150.309
1607.0,118.201,150.634
1609.0,118.359,150.894
1611.0,118.517,151.229
1613.0,118.675,151.497
1615.0,118.833,151.779
1617.0,118.988,151.996
1619.0,119.145,152.189
1621.0,119.308,152.379
1623.0,119.467,152.556
1625.0,119.623,152.725
1627.0,119.78,152.86
1629.0,119.94,153.019
1631.0,120.107,153.186
1633.0,120.261,153.443
1635.0,120.418,153.62
1637.0,120.584,153.745
1639.0,120.737,153.871
1641.0,120.885,153.976
1643.0,121.032,154.049
1645.0,121.186,154.121
1647.0,121.265,155.144
1649.0,121.266,155.472
1651.09,121.2652,155.687
