ELEM,P,T,SG,SW,X(WAT1),X(WAT2),PCAP,DG,DW,TIME
GA122 , 0.18799E+08 , 0.25047E+03 , 0.00000E+00 , 0.10000E+01 , 0.10000E+01 , 0.00000E+00 , 0.00000E+00 , 20.15051 , 814.63635,-.35866E+10
GA122 , 0.18799E+08 , 0.25047E+03 , 0.00000E+00 , 0.10000E+01 , 0.10000E+01 , 0.00000E+00 , 0.00000E+00 , 20.15051 , 814.63635,0.34722E-02
GA122 , 0.18799E+08 , 0.25047E+03 , 0.00000E+00 , 0.10000E+01 , 0.10000E+01 , 0.00000E+00 , 0.00000E+00 , 20.15051 , 814.63635,0.18264E+03
GA122 , 0.18799E+08 , 0.25047E+03 , 0.00000E+00 , 0.10000E+01 , 0.10000E+01 , 0.00000E+00 , 0.00000E+00 , 20.15051 , 814.63635,0.36528E+03
GA122 , 0.18799E+08 , 0.25047E+03 , 0.00000E+00 , 0.10000E+01 , 0.10000E+01 , 0.00000E+00 , 0.00000E+00 , 20.15051 , 814.63635,0.54792E+03
GA122 , 0.18799E+08 , 0.25047E+03 , 0.00000E+00 , 0.10000E+01 , 0.10000E+01 , 0.00000E+00 , 0.00000E+00 , 20.15051 , 814.63635,0.73056E+03
GA122 , 0.18799E+08 , 0.25047E+03 , 0.00000E+00 , 0.10000E+01 , 0.10000E+01 , 0.00000E+00 , 0.00000E+00 , 20.15051 , 814.63635,0.91308E+03
GA122 , 0.18799E+08 , 0.25047E+03 , 0.00000E+00 , 0.10000E+01 , 0.10000E+01 , 0.00000E+00 , 0.00000E+00 , 20.15051 , 814.63635,0.10957E+04
GA122 , 0.18799E+08 , 0.25047E+03 , 0.00000E+00 , 0.10000E+01 , 0.10000E+01 , 0.00000E+00 , 0.00000E+00 , 20.15051 , 814.63635,0.12789E+04
GA122 , 0.18799E+08 , 0.25047E+03 , 0.00000E+00 , 0.10000E+01 , 0.10000E+01 , 0.00000E+00 , 0.00000E+00 , 20.15051 , 814.63635,0.14606E+04
GA122 , 0.18799E+08 , 0.25047E+03 , 0.00000E+00 , 0.10000E+01 , 0.10000E+01 , 0.00000E+00 , 0.00000E+00 , 20.15051 , 814.63635,0.16435E+04
GA122 , 0.18799E+08 , 0.25047E+03 , 0.00000E+00 , 0.10000E+01 , 0.10000E+01 , 0.00000E+00 , 0.00000E+00 , 20.15051 , 814.63635,0.18264E+04
GA122 , 0.18799E+08 , 0.25047E+03 , 0.00000E+00 , 0.10000E+01 , 0.10000E+01 , 0.00000E+00 , 0.00000E+00 , 20.15051 , 814.63635,0.20093E+04
GA122 , 0.18799E+08 , 0.25047E+03 , 0.00000E+00 , 0.10000E+01 , 0.10000E+01 , 0.00000E+00 , 0.00000E+00 , 20.15051 , 814.63635,0.21910E+04
GA122 , 0.18799E+08 , 0.25047E+03 , 0.00000E+00 , 0.10000E+01 , 0.10000E+01 , 0.00000E+00 , 0.00000E+00 , 20.15051 , 814.63635,0.23738E+04
GA122 , 0.18799E+08 , 0.25047E+03 , 0.00000E+00 , 0.10000E+01 , 0.10000E+01 , 0.00000E+00 , 0.00000E+00 , 20.15051 , 814.63635,0.25567E+04
GA122 , 0.18799E+08 , 0.25047E+03 , 0.00000E+00 , 0.10000E+01 , 0.10000E+01 , 0.00000E+00 , 0.00000E+00 , 20.15051 , 814.63635,0.27396E+04
GA122 , 0.18799E+08 , 0.25047E+03 , 0.00000E+00 , 0.10000E+01 , 0.10000E+01 , 0.00000E+00 , 0.00000E+00 , 20.15051 , 814.63635,0.29225E+04
GA122 , 0.18799E+08 , 0.25047E+03 , 0.00000E+00 , 0.10000E+01 , 0.10000E+01 , 0.00000E+00 , 0.00000E+00 , 20.15051 , 814.63635,0.31042E+04
GA122 , 0.18799E+08 , 0.25047E+03 , 0.00000E+00 , 0.10000E+01 , 0.10000E+01 , 0.00000E+00 , 0.00000E+00 , 20.15051 , 814.63635,0.32870E+04
GA122 , 0.18799E+08 , 0.25047E+03 , 0.00000E+00 , 0.10000E+01 , 0.10000E+01 , 0.00000E+00 , 0.00000E+00 , 20.15051 , 814.63635,0.34699E+04
GA122 , 0.18799E+08 , 0.25047E+03 , 0.00000E+00 , 0.10000E+01 , 0.10000E+01 , 0.00000E+00 , 0.00000E+00 , 20.15051 , 814.63635,0.36528E+04
GA122 , 0.18799E+08 , 0.25047E+03 , 0.00000E+00 , 0.10000E+01 , 0.10000E+01 , 0.00000E+00 , 0.00000E+00 , 20.15051 , 814.63635,0.38356E+04
GA122 , 0.18799E+08 , 0.25047E+03 , 0.00000E+00 , 0.10000E+01 , 0.10000E+01 , 0.00000E+00 , 0.00000E+00 , 20.15051 , 814.63635,0.40174E+04
GA122 , 0.18799E+08 , 0.25047E+03 , 0.00000E+00 , 0.10000E+01 , 0.10000E+01 , 0.00000E+00 , 0.00000E+00 , 20.15051 , 814.63635,0.42002E+04
GA122 , 0.18799E+08 , 0.25047E+03 , 0.00000E+00 , 0.10000E+01 , 0.10000E+01 , 0.00000E+00 , 0.00000E+00 , 20.15051 , 814.63635,0.43831E+04
GA122 , 0.18799E+08 , 0.25047E+03 , 0.00000E+00 , 0.10000E+01 , 0.10000E+01 , 0.00000E+00 , 0.00000E+00 , 20.15051 , 814.63635,0.45660E+04
GA122 , 0.18799E+08 , 0.25047E+03 , 0.00000E+00 , 0.10000E+01 , 0.10000E+01 , 0.00000E+00 , 0.00000E+00 , 20.15051 , 814.63635,0.47477E+04
GA122 , 0.18799E+08 , 0.25047E+03 , 0.00000E+00 , 0.10000E+01 , 0.10000E+01 , 0.00000E+00 , 0.00000E+00 , 20.15051 , 814.63635,0.49306E+04
GA122 , 0.18799E+08 , 0.25047E+03 , 0.00000E+00 , 0.10000E+01 , 0.10000E+01 , 0.00000E+00 , 0.00000E+00 , 20.15051 , 814.63635,0.51134E+04
GA122 , 0.18799E+08 , 0.25047E+03 , 0.00000E+00 , 0.10000E+01 , 0.10000E+01 , 0.00000E+00 , 0.00000E+00 , 20.15051 , 814.63635,0.52963E+04
GA122 , 0.18799E+08 , 0.25047E+03 , 0.00000E+00 , 0.10000E+01 , 0.10000E+01 , 0.00000E+00 , 0.00000E+00 , 20.15051 , 814.63635,0.54792E+04
GA122 , 0.18799E+08 , 0.25047E+03 , 0.00000E+00 , 0.10000E+01 , 0.10000E+01 , 0.00000E+00 , 0.00000E+00 , 20.15051 , 814.63635,0.56609E+04
GA122 , 0.18799E+08 , 0.25047E+03 , 0.00000E+00 , 0.10000E+01 , 0.10000E+01 , 0.00000E+00 , 0.00000E+00 , 20.15051 , 814.63635,0.58438E+04
GA122 , 0.18799E+08 , 0.25047E+03 , 0.00000E+00 , 0.10000E+01 , 0.10000E+01 , 0.00000E+00 , 0.00000E+00 , 20.15051 , 814.63635,0.60266E+04
GA122 , 0.18799E+08 , 0.25047E+03 , 0.00000E+00 , 0.10000E+01 , 0.10000E+01 , 0.00000E+00 , 0.00000E+00 , 20.15051 , 814.63635,0.62095E+04
GA122 , 0.18799E+08 , 0.25047E+03 , 0.00000E+00 , 0.10000E+01 , 0.10000E+01 , 0.00000E+00 , 0.00000E+00 , 20.15051 , 814.63635,0.63924E+04
GA122 , 0.18799E+08 , 0.25047E+03 , 0.00000E+00 , 0.10000E+01 , 0.10000E+01 , 0.00000E+00 , 0.00000E+00 , 20.15051 , 814.63635,0.65741E+04
GA122 , 0.18799E+08 , 0.25047E+03 , 0.00000E+00 , 0.10000E+01 , 0.10000E+01 , 0.00000E+00 , 0.00000E+00 , 20.15051 , 814.63635,0.67569E+04
GA122 , 0.18799E+08 , 0.25047E+03 , 0.00000E+00 , 0.10000E+01 , 0.10000E+01 , 0.00000E+00 , 0.00000E+00 , 20.15051 , 814.63635,0.69398E+04
GA122 , 0.18799E+08 , 0.25047E+03 , 0.00000E+00 , 0.10000E+01 , 0.10000E+01 , 0.00000E+00 , 0.00000E+00 , 20.15051 , 814.63635,0.71227E+04
GA122 , 0.18799E+08 , 0.25047E+03 , 0.00000E+00 , 0.10000E+01 , 0.10000E+01 , 0.00000E+00 , 0.00000E+00 , 20.15051 , 814.63635,0.73056E+04
GA122 , 0.18799E+08 , 0.25047E+03 , 0.00000E+00 , 0.10000E+01 , 0.10000E+01 , 0.00000E+00 , 0.00000E+00 , 20.15051 , 814.63635,0.74873E+04
GA122 , 0.18799E+08 , 0.25047E+03 , 0.00000E+00 , 0.10000E+01 , 0.10000E+01 , 0.00000E+00 , 0.00000E+00 , 20.15051 , 814.63635,0.76701E+04
GA122 , 0.18799E+08 , 0.25047E+03 , 0.00000E+00 , 0.10000E+01 , 0.10000E+01 , 0.00000E+00 , 0.00000E+00 , 20.15051 , 814.63635,0.78530E+04
GA122 , 0.18799E+08 , 0.25047E+03 , 0.00000E+00 , 0.10000E+01 , 0.10000E+01 , 0.00000E+00 , 0.00000E+00 , 20.15051 , 814.63635,0.80359E+04
GA122 , 0.18799E+08 , 0.25047E+03 , 0.00000E+00 , 0.10000E+01 , 0.10000E+01 , 0.00000E+00 , 0.00000E+00 , 20.15051 , 814.63635,0.82176E+04
GA122 , 0.18799E+08 , 0.25047E+03 , 0.00000E+00 , 0.10000E+01 , 0.10000E+01 , 0.00000E+00 , 0.00000E+00 , 20.15051 , 814.63635,0.84005E+04
GA122 , 0.18799E+08 , 0.25047E+03 , 0.00000E+00 , 0.10000E+01 , 0.10000E+01 , 0.00000E+00 , 0.00000E+00 , 20.15051 , 814.63635,0.85833E+04
GA122 , 0.18799E+08 , 0.25047E+03 , 0.00000E+00 , 0.10000E+01 , 0.10000E+01 , 0.00000E+00 , 0.00000E+00 , 20.15051 , 814.63635,0.87662E+04
GA122 , 0.18799E+08 , 0.25047E+03 , 0.00000E+00 , 0.10000E+01 , 0.10000E+01 , 0.00000E+00 , 0.00000E+00 , 20.15051 , 814.63635,0.89491E+04
GA122 , 0.18799E+08 , 0.25047E+03 , 0.00000E+00 , 0.10000E+01 , 0.10000E+01 , 0.00000E+00 , 0.00000E+00 , 20.15051 , 814.63635,0.91308E+04
GA122 , 0.18799E+08 , 0.25047E+03 , 0.00000E+00 , 0.10000E+01 , 0.10000E+01 , 0.00000E+00 , 0.00000E+00 , 20.15051 , 814.63635,0.93137E+04
GA122 , 0.18799E+08 , 0.25047E+03 , 0.00000E+00 , 0.10000E+01 , 0.10000E+01 , 0.00000E+00 , 0.00000E+00 , 20.15051 , 814.63635,0.94965E+04
GA122 , 0.18799E+08 , 0.25047E+03 , 0.00000E+00 , 0.10000E+01 , 0.10000E+01 , 0.00000E+00 , 0.00000E+00 , 20.15051 , 814.63635,0.96794E+04
GA122 , 0.18799E+08 , 0.25047E+03 , 0.00000E+00 , 0.10000E+01 , 0.10000E+01 , 0.00000E+00 , 0.00000E+00 , 20.15051 , 814.63635,0.98623E+04
GA122 , 0.18799E+08 , 0.25047E+03 , 0.00000E+00 , 0.10000E+01 , 0.10000E+01 , 0.00000E+00 , 0.00000E+00 , 20.15051 , 814.63635,0.10044E+05
GA122 , 0.18799E+08 , 0.25047E+03 , 0.00000E+00 , 0.10000E+01 , 0.10000E+01 , 0.00000E+00 , 0.00000E+00 , 20.15051 , 814.63635,0.10227E+05
GA122 , 0.18799E+08 , 0.25047E+03 , 0.00000E+00 , 0.10000E+01 , 0.10000E+01 , 0.00000E+00 , 0.00000E+00 , 20.15051 , 814.63635,0.10410E+05
GA122 , 0.18799E+08 , 0.25047E+03 , 0.00000E+00 , 0.10000E+01 , 0.10000E+01 , 0.00000E+00 , 0.00000E+00 , 20.15051 , 814.63635,0.10593E+05
GA122 , 0.18799E+08 , 0.25047E+03 , 0.00000E+00 , 0.10000E+01 , 0.10000E+01 , 0.00000E+00 , 0.00000E+00 , 20.15051 , 814.63635,0.10774E+05
GA122 , 0.18799E+08 , 0.25047E+03 , 0.00000E+00 , 0.10000E+01 , 0.10000E+01 , 0.00000E+00 , 0.00000E+00 , 20.15051 , 814.63635,0.10957E+05
GA122 , 0.18799E+08 , 0.25047E+03 , 0.00000E+00 , 0.10000E+01 , 0.10000E+01 , 0.00000E+00 , 0.00000E+00 , 20.15051 , 814.63635,0.11140E+05
GA122 , 0.18799E+08 , 0.25047E+03 , 0.00000E+00 , 0.10000E+01 , 0.10000E+01 , 0.00000E+00 , 0.00000E+00 , 20.15051 , 814.63635,0.11323E+05
GA122 , 0.18799E+08 , 0.25047E+03 , 0.00000E+00 , 0.10000E+01 , 0.10000E+01 , 0.00000E+00 , 0.00000E+00 , 20.15051 , 814.63635,0.11506E+05
GA122 , 0.18799E+08 , 0.25047E+03 , 0.00000E+00 , 0.10000E+01 , 0.10000E+01 , 0.00000E+00 , 0.00000E+00 , 20.15051 , 814.63635,0.11690E+05
GA122 , 0.18799E+08 , 0.25047E+03 , 0.00000E+00 , 0.10000E+01 , 0.10000E+01 , 0.00000E+00 , 0.00000E+00 , 20.15051 , 814.63635,0.11875E+05
GA122 , 0.18799E+08 , 0.25047E+03 , 0.00000E+00 , 0.10000E+01 , 0.10000E+01 , 0.00000E+00 , 0.00000E+00 , 20.15051 , 814.63635,0.12049E+05
GA122 , 0.18799E+08 , 0.25047E+03 , 0.00000E+00 , 0.10000E+01 , 0.10000E+01 , 0.00000E+00 , 0.00000E+00 , 20.15051 , 814.63635,0.12234E+05
GA122 , 0.18799E+08 , 0.25047E+03 , 0.00000E+00 , 0.10000E+01 , 0.10000E+01 , 0.00000E+00 , 0.00000E+00 , 20.15051 , 814.63635,0.12419E+05
GA122 , 0.18799E+08 , 0.25047E+03 , 0.00000E+00 , 0.10000E+01 , 0.10000E+01 , 0.00000E+00 , 0.00000E+00 , 20.15051 , 814.63635,0.12604E+05
GA122 , 0.18799E+08 , 0.25047E+03 , 0.00000E+00 , 0.10000E+01 , 0.10000E+01 , 0.00000E+00 , 0.00000E+00 , 20.15051 , 814.63635,0.12789E+05
GA122 , 0.18799E+08 , 0.25047E+03 , 0.00000E+00 , 0.10000E+01 , 0.10000E+01 , 0.00000E+00 , 0.00000E+00 , 20.15051 , 814.63635,0.12963E+05
GA122 , 0.18799E+08 , 0.25047E+03 , 0.00000E+00 , 0.10000E+01 , 0.10000E+01 , 0.00000E+00 , 0.00000E+00 , 20.15051 , 814.63635,0.13148E+05
GA122 , 0.18799E+08 , 0.25047E+03 , 0.00000E+00 , 0.10000E+01 , 0.10000E+01 , 0.00000E+00 , 0.00000E+00 , 20.15051 , 814.63635,0.13333E+05
GA122 , 0.18799E+08 , 0.25047E+03 , 0.00000E+00 , 0.10000E+01 , 0.10000E+01 , 0.00000E+00 , 0.00000E+00 , 20.15051 , 814.63635,0.13519E+05
GA122 , 0.18799E+08 , 0.25047E+03 , 0.00000E+00 , 0.10000E+01 , 0.10000E+01 , 0.00000E+00 , 0.00000E+00 , 20.15051 , 814.63634,0.13692E+05
GA122 , 0.18799E+08 , 0.25047E+03 , 0.00000E+00 , 0.10000E+01 , 0.10000E+01 , 0.00000E+00 , 0.00000E+00 , 20.15051 , 814.63634,0.13877E+05
GA122 , 0.18799E+08 , 0.25047E+03 , 0.00000E+00 , 0.10000E+01 , 0.10000E+01 , 0.00000E+00 , 0.00000E+00 , 20.15051 , 814.63634,0.14062E+05
GA122 , 0.18799E+08 , 0.25047E+03 , 0.00000E+00 , 0.10000E+01 , 0.10000E+01 , 0.00000E+00 , 0.00000E+00 , 20.15051 , 814.63634,0.14248E+05
GA122 , 0.18799E+08 , 0.25047E+03 , 0.00000E+00 , 0.10000E+01 , 0.10000E+01 , 0.00000E+00 , 0.00000E+00 , 20.15051 , 814.63634,0.14433E+05
GA122 , 0.18799E+08 , 0.25047E+03 , 0.00000E+00 , 0.10000E+01 , 0.10000E+01 , 0.00000E+00 , 0.00000E+00 , 20.15051 , 814.63634,0.14606E+05
GA122 , 0.18799E+08 , 0.25047E+03 , 0.00000E+00 , 0.10000E+01 , 0.10000E+01 , 0.00000E+00 , 0.00000E+00 , 20.15051 , 814.63634,0.14792E+05
GA122 , 0.18799E+08 , 0.25047E+03 , 0.00000E+00 , 0.10000E+01 , 0.10000E+01 , 0.00000E+00 , 0.00000E+00 , 20.15051 , 814.63634,0.14977E+05
GA122 , 0.18799E+08 , 0.25047E+03 , 0.00000E+00 , 0.10000E+01 , 0.10000E+01 , 0.00000E+00 , 0.00000E+00 , 20.15051 , 814.63634,0.15162E+05
GA122 , 0.18799E+08 , 0.25047E+03 , 0.00000E+00 , 0.10000E+01 , 0.10000E+01 , 0.00000E+00 , 0.00000E+00 , 20.15051 , 814.63634,0.15336E+05
GA122 , 0.18799E+08 , 0.25047E+03 , 0.00000E+00 , 0.10000E+01 , 0.10000E+01 , 0.00000E+00 , 0.00000E+00 , 20.15051 , 814.63634,0.15521E+05
GA122 , 0.18799E+08 , 0.25047E+03 , 0.00000E+00 , 0.10000E+01 , 0.10000E+01 , 0.00000E+00 , 0.00000E+00 , 20.15051 , 814.63634,0.15706E+05
GA122 , 0.18799E+08 , 0.25047E+03 , 0.00000E+00 , 0.10000E+01 , 0.10000E+01 , 0.00000E+00 , 0.00000E+00 , 20.15051 , 814.63634,0.15891E+05
GA122 , 0.18799E+08 , 0.25047E+03 , 0.00000E+00 , 0.10000E+01 , 0.10000E+01 , 0.00000E+00 , 0.00000E+00 , 20.15051 , 814.63634,0.16076E+05
GA122 , 0.18799E+08 , 0.25047E+03 , 0.00000E+00 , 0.10000E+01 , 0.10000E+01 , 0.00000E+00 , 0.00000E+00 , 20.15051 , 814.63634,0.16250E+05
GA122 , 0.18799E+08 , 0.25047E+03 , 0.00000E+00 , 0.10000E+01 , 0.10000E+01 , 0.00000E+00 , 0.00000E+00 , 20.15051 , 814.63634,0.16435E+05
GA122 , 0.18799E+08 , 0.25047E+03 , 0.00000E+00 , 0.10000E+01 , 0.10000E+01 , 0.00000E+00 , 0.00000E+00 , 20.15051 , 814.63634,0.16620E+05
GA122 , 0.18799E+08 , 0.25047E+03 , 0.00000E+00 , 0.10000E+01 , 0.10000E+01 , 0.00000E+00 , 0.00000E+00 , 20.15051 , 814.63634,0.16806E+05
GA122 , 0.18799E+08 , 0.25047E+03 , 0.00000E+00 , 0.10000E+01 , 0.10000E+01 , 0.00000E+00 , 0.00000E+00 , 20.15051 , 814.63634,0.16979E+05
GA122 , 0.18799E+08 , 0.25047E+03 , 0.00000E+00 , 0.10000E+01 , 0.10000E+01 , 0.00000E+00 , 0.00000E+00 , 20.15051 , 814.63634,0.17164E+05
GA122 , 0.18799E+08 , 0.25047E+03 , 0.00000E+00 , 0.10000E+01 , 0.10000E+01 , 0.00000E+00 , 0.00000E+00 , 20.15051 , 814.63634,0.17350E+05
GA122 , 0.18799E+08 , 0.25047E+03 , 0.00000E+00 , 0.10000E+01 , 0.10000E+01 , 0.00000E+00 , 0.00000E+00 , 20.15051 , 814.63634,0.17535E+05
GA122 , 0.18799E+08 , 0.25047E+03 , 0.00000E+00 , 0.10000E+01 , 0.10000E+01 , 0.00000E+00 , 0.00000E+00 , 20.15051 , 814.63634,0.17720E+05
GA122 , 0.18799E+08 , 0.25047E+03 , 0.00000E+00 , 0.10000E+01 , 0.10000E+01 , 0.00000E+00 , 0.00000E+00 , 20.15051 , 814.63634,0.17894E+05
GA122 , 0.18799E+08 , 0.25047E+03 , 0.00000E+00 , 0.10000E+01 , 0.10000E+01 , 0.00000E+00 , 0.00000E+00 , 20.15051 , 814.63634,0.18079E+05
GA122 , 0.18799E+08 , 0.25047E+03 , 0.00000E+00 , 0.10000E+01 , 0.10000E+01 , 0.00000E+00 , 0.00000E+00 , 20.15051 , 814.63634,0.18264E+05
GA122 , 0.18797E+08 , 0.25049E+03 , 0.00000E+00 , 0.10000E+01 , 0.10000E+01 , 0.00000E+00 , 0.00000E+00 , 20.15445 , 814.61873,0.48563E+08
