ELEM,P,T,SG,SW,X(WAT1),X(WAT2),PCAP,DG,DW,TIME
FA149 , 0.18417E+08 , 0.25028E+03 , 0.00000E+00 , 0.10000E+01 , 0.10000E+01 , 0.00000E+00 , 0.00000E+00 , 20.08301 , 814.52232,-.35866E+10
FA149 , 0.18417E+08 , 0.25028E+03 , 0.00000E+00 , 0.10000E+01 , 0.10000E+01 , 0.00000E+00 , 0.00000E+00 , 20.08301 , 814.52232,0.11574E-03
FA149 , 0.18417E+08 , 0.25028E+03 , 0.00000E+00 , 0.10000E+01 , 0.10000E+01 , 0.00000E+00 , 0.00000E+00 , 20.08301 , 814.52232,0.11574E-02
FA149 , 0.18417E+08 , 0.25028E+03 , 0.00000E+00 , 0.10000E+01 , 0.10000E+01 , 0.00000E+00 , 0.00000E+00 , 20.08301 , 814.52232,0.34722E-02
FA149 , 0.18417E+08 , 0.25028E+03 , 0.00000E+00 , 0.10000E+01 , 0.10000E+01 , 0.00000E+00 , 0.00000E+00 , 20.08301 , 814.52232,0.11574E-01
FA149 , 0.18417E+08 , 0.25028E+03 , 0.00000E+00 , 0.10000E+01 , 0.10000E+01 , 0.00000E+00 , 0.00000E+00 , 20.08301 , 814.52232,0.11574E+00
FA149 , 0.18417E+08 , 0.25028E+03 , 0.00000E+00 , 0.10000E+01 , 0.10000E+01 , 0.00000E+00 , 0.00000E+00 , 20.08301 , 814.52232,0.11574E+01
FA149 , 0.18417E+08 , 0.25028E+03 , 0.00000E+00 , 0.10000E+01 , 0.10000E+01 , 0.00000E+00 , 0.00000E+00 , 20.08301 , 814.52232,0.11574E+02
FA149 , 0.18417E+08 , 0.25028E+03 , 0.00000E+00 , 0.10000E+01 , 0.10000E+01 , 0.00000E+00 , 0.00000E+00 , 20.08301 , 814.52232,0.11574E+03
FA149 , 0.18417E+08 , 0.25028E+03 , 0.00000E+00 , 0.10000E+01 , 0.10000E+01 , 0.00000E+00 , 0.00000E+00 , 20.08301 , 814.52232,0.23148E+03
FA149 , 0.18417E+08 , 0.25028E+03 , 0.00000E+00 , 0.10000E+01 , 0.10000E+01 , 0.00000E+00 , 0.00000E+00 , 20.08301 , 814.52232,0.34722E+03
FA149 , 0.18417E+08 , 0.25028E+03 , 0.00000E+00 , 0.10000E+01 , 0.10000E+01 , 0.00000E+00 , 0.00000E+00 , 20.08301 , 814.52231,0.46296E+03
FA149 , 0.18409E+08 , 0.25038E+03 , 0.00000E+00 , 0.10000E+01 , 0.10000E+01 , 0.00000E+00 , 0.00000E+00 , 20.11903 , 814.36934,0.60682E+08
