AA110 0.00 0.00 0.00
AA111 0.00 0.00 0.00
AA112 0.00 0.00 0.00
AA113 0.00 0.00 0.00
AA114 0.00 0.00 0.00
AA115 0.00 0.00 0.00
AA116 0.00 0.00 0.00
AA117 0.00 0.00 0.00
AA118 0.00 0.00 0.00
AA119 0.00 0.00 0.00
AA120 0.00 0.00 0.00
AA121 0.00 0.00 0.00
AA122 0.00 0.00 0.00
AA123 0.00 0.00 0.00
AA124 0.00 0.00 0.00
AA125 0.00 0.00 0.00
AA126 0.00 0.00 0.00
AA127 0.00 0.00 0.00
AA128 0.00 0.00 0.00
AA129 0.00 0.00 0.00
AA130 0.00 0.00 0.00
AA131 0.00 0.00 0.00
AA132 0.00 0.00 0.00
AA133 0.00 0.00 0.00
AA134 0.00 0.00 0.00
AA135 0.00 0.00 0.00
AA136 0.00 0.00 0.00
AA137 0.00 0.00 0.00
AA138 0.00 0.00 0.00
AA139 0.00 0.00 0.00
AA140 0.00 0.00 0.00
AA141 0.00 0.00 0.00
AA142 0.00 0.00 0.00
AA143 0.00 0.00 0.00
AA144 0.00 0.00 0.00
AA145 0.00 0.00 0.00
AA146 0.00 0.00 0.00
AA147 0.00 0.00 0.00
AA148 0.00 0.00 0.00
AA149 0.00 0.00 0.00
AA150 0.00 0.00 0.00
AA151 0.00 0.00 0.00
AA152 0.00 0.00 0.00
AA153 0.00 0.00 0.00
AA154 0.00 0.00 0.00
AA155 0.00 0.00 0.00
AA156 0.00 0.00 0.00
AA157 0.00 0.00 0.00
AA158 0.00 0.00 0.00
AA159 0.00 0.00 0.00
AA160 0.00 0.00 0.00
AA161 0.00 0.00 0.00
AA162 0.00 0.00 0.00
AA163 0.00 0.00 0.00
AA164 0.00 0.00 0.00
AA165 0.00 0.00 0.00
AA166 0.00 0.00 0.00
AA167 0.00 0.00 0.00
AA168 0.00 0.00 0.00
AA169 0.00 0.00 0.00
AA170 0.00 0.00 0.00
AA171 0.00 0.00 0.00
AA172 0.00 0.00 0.00
AA173 0.00 0.00 0.00
AA174 0.00 0.00 0.00
AA175 0.00 0.00 0.00
AA176 0.00 0.00 0.00
AA177 0.00 0.00 0.00
AA178 0.00 0.00 0.00
AA179 0.00 0.00 0.00
AA180 0.00 0.00 0.00
AA181 0.00 0.00 0.00
AA182 0.00 0.00 0.00
AA183 0.00 0.00 0.00
AA184 0.00 0.00 0.00
AA185 0.00 0.00 0.00
AA186 0.00 0.00 0.00
AA187 0.00 0.00 0.00
AA188 0.00 0.00 0.00
AA189 0.00 0.00 0.00
AA190 0.00 0.00 0.00
AA191 0.00 0.00 0.00
AA192 0.00 0.00 0.00
AA193 0.00 0.00 0.00
AA194 0.00 0.00 0.00
AA195 0.00 0.00 0.00
AA196 0.00 0.00 0.00
AA197 0.00 0.00 0.00
AA198 0.00 0.00 0.00
AA199 0.00 0.00 0.00
AA210 0.00 0.00 0.00
AA211 0.00 0.00 0.00
AA212 0.00 0.00 0.00
AA213 0.00 0.00 0.00
AA214 0.00 0.00 0.00
AA215 0.00 0.00 0.00
AA216 0.00 0.00 0.00
AA217 0.00 0.00 0.00
AA218 0.00 0.00 0.00
AA219 0.00 0.00 0.00
AA220 0.00 0.00 0.00
AA221 0.00 0.00 0.00
AA222 0.00 0.00 0.00
AA223 0.00 0.00 0.00
AA224 0.00 0.00 0.00
AA225 0.00 0.00 0.00
AA226 0.00 0.00 0.00
AA227 0.00 0.00 0.00
AA228 0.00 0.00 0.00
AA229 0.00 0.00 0.00
AA230 0.00 0.00 0.00
AA231 0.00 0.00 0.00
AA232 0.00 0.00 0.00
AA233 0.00 0.00 0.00
AA234 0.00 0.00 0.00
AA235 0.00 0.00 0.00
AA236 0.00 0.00 0.00
AA237 0.00 0.00 0.00
AA238 0.00 0.00 0.00
AA239 0.00 0.00 0.00
AA240 0.00 0.00 0.00
AA241 0.00 0.00 0.00
AA242 0.00 0.00 0.00
AA243 0.00 0.00 0.00
AA244 0.00 0.00 0.00
AA245 0.00 0.00 0.00
AA246 0.00 0.00 0.00
AA247 0.00 0.00 0.00
AA248 0.00 0.00 0.00
AA249 0.00 0.00 0.00
AA250 0.00 0.00 0.00
AA251 0.00 0.00 0.00
AA252 0.00 0.00 0.00
AA253 0.00 0.00 0.00
AA254 0.00 0.00 0.00
AA255 0.00 0.00 0.00
AA256 0.00 0.00 0.00
AA257 0.00 0.00 0.00
AA258 0.00 0.00 0.00
AA259 0.00 0.00 0.00
AA260 0.00 0.00 0.00
AA261 0.00 0.00 0.00
AA262 0.00 0.00 0.00
AA263 0.00 0.00 0.00
AA264 0.00 0.00 0.00
AA265 0.00 0.00 0.00
AA266 0.00 0.00 0.00
AA267 0.00 0.00 0.00
AA268 0.00 0.00 0.00
AA269 0.00 0.00 0.00
AA270 0.00 0.00 0.00
AA271 0.00 0.00 0.00
AA272 0.00 0.00 0.00
AA273 0.00 0.00 0.00
AA274 0.00 0.00 0.00
AA275 0.00 0.00 0.00
AA276 0.00 0.00 0.00
AA277 0.00 0.00 0.00
AA278 0.00 0.00 0.00
AA279 0.00 0.00 0.00
AA280 0.00 0.00 0.00
AA281 0.00 0.00 0.00
AA282 0.00 0.00 0.00
AA283 0.00 0.00 0.00
AA284 0.00 0.00 0.00
AA285 0.00 0.00 0.00
AA286 0.00 0.00 0.00
AA287 0.00 0.00 0.00
AA288 0.00 0.00 0.00
AA289 0.00 0.00 0.00
AA290 0.00 0.00 0.00
AA291 0.00 0.00 0.00
AA292 0.00 0.00 0.00
AA293 0.00 0.00 0.00
AA294 0.00 0.00 0.00
AA295 0.00 0.00 0.00
AA296 0.00 0.00 0.00
AA297 0.00 0.00 0.00
AA298 0.00 0.00 0.00
AA299 0.00 0.00 0.00
AA310 0.00 0.00 0.00
AA311 0.00 0.00 0.00
AA312 0.00 0.00 0.00
AA313 0.00 0.00 0.00
AA314 0.00 0.00 0.00
AA315 0.00 0.00 0.00
AA316 0.00 0.00 0.00
AA317 0.00 0.00 0.00
AA318 0.00 0.00 0.00
AA319 0.00 0.00 0.00
AA320 0.00 0.00 0.00
AA321 0.00 0.00 0.00
AA322 0.00 0.00 0.00
AA323 0.00 0.00 0.00
AA324 0.00 0.00 0.00
AA325 0.00 0.00 0.00
AA326 0.00 0.00 0.00
AA327 0.00 0.00 0.00
AA328 0.00 0.00 0.00
AA329 0.00 0.00 0.00
AA330 0.00 0.00 0.00
AA331 0.00 0.00 0.00
AA332 0.00 0.00 0.00
AA333 0.00 0.00 0.00
AA334 0.00 0.00 0.00
AA335 0.00 0.00 0.00
AA336 0.00 0.00 0.00
AA337 0.00 0.00 0.00
AA338 0.00 0.00 0.00
AA339 0.00 0.00 0.00
AA340 0.00 0.00 0.00
AA341 0.00 0.00 0.00
AA342 0.00 0.00 0.00
AA343 0.00 0.00 0.00
AA344 0.00 0.00 0.00
AA345 0.00 0.00 0.00
AA346 0.00 0.00 0.00
AA347 0.00 0.00 0.00
AA348 0.00 0.00 0.00
AA349 0.00 0.00 0.00
AA350 0.00 0.00 0.00
AA351 0.00 0.00 0.00
AA352 0.00 0.00 0.00
AA353 0.00 0.00 0.00
AA354 0.00 0.00 0.00
AA355 0.00 0.00 0.00
AA356 0.00 0.00 0.00
AA357 0.00 0.00 0.00
AA358 0.00 0.00 0.00
AA359 0.00 0.00 0.00
AA360 0.00 0.00 0.00
AA361 0.00 0.00 0.00
AA362 0.00 0.00 0.00
AA363 0.00 0.00 0.00
AA364 0.00 0.00 0.00
AA365 0.00 0.00 0.00
AA366 0.00 0.00 0.00
AA367 0.00 0.00 0.00
AA368 0.00 0.00 0.00
AA369 0.00 0.00 0.00
AA370 0.00 0.00 0.00
AA371 0.00 0.00 0.00
AA372 0.00 0.00 0.00
AA373 0.00 0.00 0.00
AA374 0.00 0.00 0.00
AA375 0.00 0.00 0.00
AA376 0.00 0.00 0.00
AA377 0.00 0.00 0.00
AA378 0.00 0.00 0.00
AA379 0.00 0.00 0.00
AA380 0.00 0.00 0.00
AA381 0.00 0.00 0.00
AA382 0.00 0.00 0.00
AA383 0.00 0.00 0.00
AA384 0.00 0.00 0.00
AA385 0.00 0.00 0.00
AA386 0.00 0.00 0.00
AA387 0.00 0.00 0.00
AA388 0.00 0.00 0.00
AA389 0.00 0.00 0.00
AA390 0.00 0.00 0.00
AA391 0.00 0.00 0.00
AA392 0.00 0.00 0.00
AA393 0.00 0.00 0.00
AA394 0.00 0.00 0.00
AA395 0.00 0.00 0.00
AA396 0.00 0.00 0.00
AA397 0.00 0.00 0.00
AA398 0.00 0.00 0.00
AA399 0.00 0.00 0.00
AA410 0.00 0.00 0.00
AA411 0.00 0.00 0.00
AA412 0.00 0.00 0.00
AA413 0.00 0.00 0.00
AA414 0.00 0.00 0.00
AA415 0.00 0.00 0.00
AA416 0.00 0.00 0.00
AA417 0.00 0.00 0.00
AA418 0.00 0.00 0.00
AA419 0.00 0.00 0.00
AA420 0.00 0.00 0.00
AA421 0.00 0.00 0.00
AA422 0.00 0.00 0.00
AA423 0.00 0.00 0.00
AA424 0.00 0.00 0.00
AA425 0.00 0.00 0.00
AA426 0.00 0.00 0.00
AA427 0.00 0.00 0.00
AA428 0.00 0.00 0.00
AA429 0.00 0.00 0.00
AA430 0.00 0.00 0.00
AA431 0.00 0.00 0.00
AA432 0.00 0.00 0.00
AA433 0.00 0.00 0.00
AA434 0.00 0.00 0.00
AA435 0.00 0.00 0.00
AA436 0.00 0.00 0.00
AA437 0.00 0.00 0.00
AA438 0.00 0.00 0.00
AA439 0.00 0.00 0.00
AA440 0.00 0.00 0.00
AA441 0.00 0.00 0.00
AA442 0.00 0.00 0.00
AA443 0.00 0.00 0.00
AA444 0.00 0.00 0.00
AA445 0.00 0.00 0.00
AA446 0.00 0.00 0.00
AA447 0.00 0.00 0.00
AA448 0.00 0.00 0.00
AA449 0.00 0.00 0.00
AA450 0.00 0.00 0.00
AA451 0.00 0.00 0.00
AA452 0.00 0.00 0.00
AA453 0.00 0.00 0.00
AA454 0.00 0.00 0.00
AA455 0.00 0.00 0.00
AA456 0.00 0.00 0.00
AA457 0.00 0.00 0.00
AA458 0.00 0.00 0.00
AA459 0.00 0.00 0.00
AA460 0.00 0.00 0.00
AA461 0.00 0.00 0.00
AA462 0.00 0.00 0.00
AA463 0.00 0.00 0.00
AA464 0.00 0.00 0.00
AA465 0.00 0.00 0.00
AA466 0.00 0.00 0.00
AA467 0.00 0.00 0.00
AA468 0.00 0.00 0.00
AA469 0.00 0.00 0.00
AA470 0.00 0.00 0.00
AA471 0.00 0.00 0.00
AA472 0.00 0.00 0.00
AA473 0.00 0.00 0.00
AA474 0.00 0.00 0.00
AA475 0.00 0.00 0.00
AA476 0.00 0.00 0.00
AA477 0.00 0.00 0.00
AA478 0.00 0.00 0.00
AA479 0.00 0.00 0.00
AA480 0.00 0.00 0.00
AA481 0.00 0.00 0.00
AA482 0.00 0.00 0.00
AA483 0.00 0.00 0.00
AA484 0.00 0.00 0.00
AA485 0.00 0.00 0.00
AA486 0.00 0.00 0.00
AA487 0.00 0.00 0.00
AA488 0.00 0.00 0.00
AA489 0.00 0.00 0.00
AA490 0.00 0.00 0.00
AA491 0.00 0.00 0.00
AA492 0.00 0.00 0.00
AA493 0.00 0.00 0.00
AA494 0.00 0.00 0.00
AA495 0.00 0.00 0.00
AA496 0.00 0.00 0.00
AA497 0.00 0.00 0.00
AA498 0.00 0.00 0.00
AA499 0.00 0.00 0.00
AA510 0.00 0.00 0.00
AA511 0.00 0.00 0.00
AA512 0.00 0.00 0.00
AA513 0.00 0.00 0.00
AA514 0.00 0.00 0.00
AA515 0.00 0.00 0.00
AA516 0.00 0.00 0.00
AA517 0.00 0.00 0.00
AA518 0.00 0.00 0.00
AA519 0.00 0.00 0.00
AA520 0.00 0.00 0.00
AA521 0.00 0.00 0.00
AA522 0.00 0.00 0.00
AA523 0.00 0.00 0.00
AA524 0.00 0.00 0.00
AA525 0.00 0.00 0.00
AA526 0.00 0.00 0.00
AA527 0.00 0.00 0.00
AA528 0.00 0.00 0.00
AA529 0.00 0.00 0.00
AA530 0.00 0.00 0.00
AA531 0.00 0.00 0.00
AA532 0.00 0.00 0.00
AA533 0.00 0.00 0.00
AA534 0.00 0.00 0.00
AA535 0.00 0.00 0.00
AA536 0.00 0.00 0.00
AA537 0.00 0.00 0.00
AA538 0.00 0.00 0.00
AA539 0.00 0.00 0.00
AA540 0.00 0.00 0.00
AA541 0.00 0.00 0.00
AA542 0.00 0.00 0.00
AA543 0.00 0.00 0.00
AA544 0.00 0.00 0.00
AA545 0.00 0.00 0.00
AA546 0.00 0.00 0.00
AA547 0.00 0.00 0.00
AA548 0.00 0.00 0.00
AA549 0.00 0.00 0.00
AA550 0.00 0.00 0.00
AA551 0.00 0.00 0.00
AA552 0.00 0.00 0.00
AA553 0.00 0.00 0.00
AA554 0.00 0.00 0.00
AA555 0.00 0.00 0.00
AA556 0.00 0.00 0.00
AA557 0.00 0.00 0.00
AA558 0.00 0.00 0.00
AA559 0.00 0.00 0.00
AA560 0.00 0.00 0.00
AA561 0.00 0.00 0.00
AA562 0.00 0.00 0.00
AA563 0.00 0.00 0.00
AA564 0.00 0.00 0.00
AA565 0.00 0.00 0.00
AA566 0.00 0.00 0.00
AA567 0.00 0.00 0.00
AA568 0.00 0.00 0.00
AA569 0.00 0.00 0.00
AA570 0.00 0.00 0.00
AA571 0.00 0.00 0.00
AA572 0.00 0.00 0.00
AA573 0.00 0.00 0.00
